{
 "cells": [
  {
   "cell_type": "code",
   "execution_count": 34,
   "metadata": {},
   "outputs": [],
   "source": [
    "# import time\n",
    "# start = time.time()\n",
    "import sys\n",
    "from dimod import BinaryQuadraticModel\n",
    "from dwave.system import LeapHybridSampler, EmbeddingComposite,DWaveSampler \n",
    "import pandas as pd\n",
    "import numpy as np\n",
    "import seaborn as sns\n",
    "from distance_matrix_creator import *\n",
    "import neal\n",
    "import matplotlib.pyplot as plt"
   ]
  },
  {
   "cell_type": "code",
   "execution_count": 47,
   "metadata": {},
   "outputs": [
    {
     "name": "stdout",
     "output_type": "stream",
     "text": [
      "[[ 1.31687243e+09  3.20000000e+01  1.31687243e-01  1.31687243e-01  1.31687243e-01  1.31687243e-01  1.31687243e-01  1.31687243e-01  1.31687243e-01  1.31687243e-01  1.31687243e-01  1.31687243e-01  1.31687243e-01]\n",
      " [ 0.00000000e+00  1.31687243e+09  3.20000000e+01  3.20000000e+01  3.20000000e+01  1.00000000e+00  1.00000000e+00  4.21399177e+00  1.31687243e-01  4.21399177e+00  4.21399177e+00  1.00000000e+00  4.21399177e+00]\n",
      " [ 0.00000000e+00  0.00000000e+00  1.31687243e+09  4.21399177e+00  1.28600823e+01  1.00000000e+00  1.31687243e-01  1.31687243e-01  1.31687243e-01  1.31687243e-01  1.31687243e-01 -4.21399177e+00  1.31687243e-01]\n",
      " [ 0.00000000e+00  0.00000000e+00  0.00000000e+00  1.31687243e+09  1.00000000e+00  1.28600823e+01  1.31687243e-01  4.21399177e+00  1.31687243e-01  1.31687243e-01  1.31687243e-01 -4.21399177e+00  1.31687243e-01]\n",
      " [ 0.00000000e+00  0.00000000e+00  0.00000000e+00  0.00000000e+00  1.31687243e+09  4.21399177e+00  1.28600823e+01  1.00000000e+00  1.31687243e-01  1.31687243e-01  1.31687243e-01 -4.21399177e+00  1.31687243e-01]\n",
      " [ 0.00000000e+00  0.00000000e+00  0.00000000e+00  0.00000000e+00  0.00000000e+00  1.31687243e+09  1.00000000e+00  1.28600823e+01  1.31687243e-01  1.00000000e+00  1.31687243e-01 -4.21399177e+00  1.31687243e-01]\n",
      " [ 0.00000000e+00  0.00000000e+00  0.00000000e+00  0.00000000e+00  0.00000000e+00  0.00000000e+00  1.31687243e+09  4.21399177e+00  1.28600823e+01  1.00000000e+00  1.31687243e-01  1.31687243e-01  1.31687243e-01]\n",
      " [ 0.00000000e+00  0.00000000e+00  0.00000000e+00  0.00000000e+00  0.00000000e+00  0.00000000e+00  0.00000000e+00  1.31687243e+09  1.28600823e+01  1.00000000e+00  1.00000000e+00  1.31687243e-01  1.31687243e-01]\n",
      " [ 0.00000000e+00  0.00000000e+00  0.00000000e+00  0.00000000e+00  0.00000000e+00  0.00000000e+00  0.00000000e+00  0.00000000e+00  1.31687243e+09  1.28600823e+01  1.28600823e+01  1.00000000e+00  1.00000000e+00]\n",
      " [ 0.00000000e+00  0.00000000e+00  0.00000000e+00  0.00000000e+00  0.00000000e+00  0.00000000e+00  0.00000000e+00  0.00000000e+00  0.00000000e+00  1.31687243e+09  4.21399177e+00  1.00000000e+00  4.21399177e+00]\n",
      " [ 0.00000000e+00  0.00000000e+00  0.00000000e+00  0.00000000e+00  0.00000000e+00  0.00000000e+00  0.00000000e+00  0.00000000e+00  0.00000000e+00  0.00000000e+00  1.31687243e+09  1.00000000e+00  4.21399177e+00]\n",
      " [ 0.00000000e+00  0.00000000e+00  0.00000000e+00  0.00000000e+00  0.00000000e+00  0.00000000e+00  0.00000000e+00  0.00000000e+00  0.00000000e+00  0.00000000e+00  0.00000000e+00  1.31687243e+09  1.00000000e+00]\n",
      " [ 0.00000000e+00  0.00000000e+00  0.00000000e+00  0.00000000e+00  0.00000000e+00  0.00000000e+00  0.00000000e+00  0.00000000e+00  0.00000000e+00  0.00000000e+00  0.00000000e+00  0.00000000e+00  1.31687243e+09]] \n",
      "\n",
      "\n",
      "[[ 0.     1.     2.     3.     4.     5.     6.     7.     8.     1.     1.414  2.236  3.162  4.123  5.099  6.083  7.071  8.062  2.     2.236  2.828  3.606  4.472  5.385  6.325  7.28   8.246  3.     3.162  3.606  4.243  5.     5.831  6.708  7.616  8.544  4.     4.123  4.472  5.     5.657  6.403  7.211  8.062  8.944  5.     5.099  5.385  5.831  6.403  7.071  7.81   8.602  9.434  6.     6.083  6.325  6.708  7.211  7.81   8.485  9.22  10.     7.     7.071  7.28   7.616  8.062  8.602  9.22   9.899 10.63   8.     8.062  8.246  8.544  8.944  9.434 10.    10.63  11.314]\n",
      " [ 0.     0.     1.     2.     3.     4.     5.     6.     7.     1.414  1.     1.414  2.236  3.162  4.123  5.099  6.083  7.071  2.236  2.     2.236  2.828  3.606  4.472  5.385  6.325  7.28   3.162  3.     3.162  3.606  4.243  5.     5.831  6.708  7.616  4.123  4.     4.123  4.472  5.     5.657  6.403  7.211  8.062  5.099  5.     5.099  5.385  5.831  6.403  7.071  7.81   8.602  6.083  6.     6.083  6.325  6.708  7.211  7.81   8.485  9.22   7.071  7.     7.071  7.28   7.616  8.062  8.602  9.22   9.899  8.062  8.     8.062  8.246  8.544  8.944  9.434 10.    10.63 ]\n",
      " [ 0.     0.     0.     1.     2.     3.     4.     5.     6.     2.236  1.414  1.     1.414  2.236  3.162  4.123  5.099  6.083  2.828  2.236  2.     2.236  2.828  3.606  4.472  5.385  6.325  3.606  3.162  3.     3.162  3.606  4.243  5.     5.831  6.708  4.472  4.123  4.     4.123  4.472  5.     5.657  6.403  7.211  5.385  5.099  5.     5.099  5.385  5.831  6.403  7.071  7.81   6.325  6.083  6.     6.083  6.325  6.708  7.211  7.81   8.485  7.28   7.071  7.     7.071  7.28   7.616  8.062  8.602  9.22   8.246  8.062  8.     8.062  8.246  8.544  8.944  9.434 10.   ]\n",
      " [ 0.     0.     0.     0.     1.     2.     3.     4.     5.     3.162  2.236  1.414  1.     1.414  2.236  3.162  4.123  5.099  3.606  2.828  2.236  2.     2.236  2.828  3.606  4.472  5.385  4.243  3.606  3.162  3.     3.162  3.606  4.243  5.     5.831  5.     4.472  4.123  4.     4.123  4.472  5.     5.657  6.403  5.831  5.385  5.099  5.     5.099  5.385  5.831  6.403  7.071  6.708  6.325  6.083  6.     6.083  6.325  6.708  7.211  7.81   7.616  7.28   7.071  7.     7.071  7.28   7.616  8.062  8.602  8.544  8.246  8.062  8.     8.062  8.246  8.544  8.944  9.434]\n",
      " [ 0.     0.     0.     0.     0.     1.     2.     3.     4.     4.123  3.162  2.236  1.414  1.     1.414  2.236  3.162  4.123  4.472  3.606  2.828  2.236  2.     2.236  2.828  3.606  4.472  5.     4.243  3.606  3.162  3.     3.162  3.606  4.243  5.     5.657  5.     4.472  4.123  4.     4.123  4.472  5.     5.657  6.403  5.831  5.385  5.099  5.     5.099  5.385  5.831  6.403  7.211  6.708  6.325  6.083  6.     6.083  6.325  6.708  7.211  8.062  7.616  7.28   7.071  7.     7.071  7.28   7.616  8.062  8.944  8.544  8.246  8.062  8.     8.062  8.246  8.544  8.944]\n",
      " [ 0.     0.     0.     0.     0.     0.     1.     2.     3.     5.099  4.123  3.162  2.236  1.414  1.     1.414  2.236  3.162  5.385  4.472  3.606  2.828  2.236  2.     2.236  2.828  3.606  5.831  5.     4.243  3.606  3.162  3.     3.162  3.606  4.243  6.403  5.657  5.     4.472  4.123  4.     4.123  4.472  5.     7.071  6.403  5.831  5.385  5.099  5.     5.099  5.385  5.831  7.81   7.211  6.708  6.325  6.083  6.     6.083  6.325  6.708  8.602  8.062  7.616  7.28   7.071  7.     7.071  7.28   7.616  9.434  8.944  8.544  8.246  8.062  8.     8.062  8.246  8.544]\n",
      " [ 0.     0.     0.     0.     0.     0.     0.     1.     2.     6.083  5.099  4.123  3.162  2.236  1.414  1.     1.414  2.236  6.325  5.385  4.472  3.606  2.828  2.236  2.     2.236  2.828  6.708  5.831  5.     4.243  3.606  3.162  3.     3.162  3.606  7.211  6.403  5.657  5.     4.472  4.123  4.     4.123  4.472  7.81   7.071  6.403  5.831  5.385  5.099  5.     5.099  5.385  8.485  7.81   7.211  6.708  6.325  6.083  6.     6.083  6.325  9.22   8.602  8.062  7.616  7.28   7.071  7.     7.071  7.28  10.     9.434  8.944  8.544  8.246  8.062  8.     8.062  8.246]\n",
      " [ 0.     0.     0.     0.     0.     0.     0.     0.     1.     7.071  6.083  5.099  4.123  3.162  2.236  1.414  1.     1.414  7.28   6.325  5.385  4.472  3.606  2.828  2.236  2.     2.236  7.616  6.708  5.831  5.     4.243  3.606  3.162  3.     3.162  8.062  7.211  6.403  5.657  5.     4.472  4.123  4.     4.123  8.602  7.81   7.071  6.403  5.831  5.385  5.099  5.     5.099  9.22   8.485  7.81   7.211  6.708  6.325  6.083  6.     6.083  9.899  9.22   8.602  8.062  7.616  7.28   7.071  7.     7.071 10.63  10.     9.434  8.944  8.544  8.246  8.062  8.     8.062]\n",
      " [ 0.     0.     0.     0.     0.     0.     0.     0.     0.     8.062  7.071  6.083  5.099  4.123  3.162  2.236  1.414  1.     8.246  7.28   6.325  5.385  4.472  3.606  2.828  2.236  2.     8.544  7.616  6.708  5.831  5.     4.243  3.606  3.162  3.     8.944  8.062  7.211  6.403  5.657  5.     4.472  4.123  4.     9.434  8.602  7.81   7.071  6.403  5.831  5.385  5.099  5.    10.     9.22   8.485  7.81   7.211  6.708  6.325  6.083  6.    10.63   9.899  9.22   8.602  8.062  7.616  7.28   7.071  7.    11.314 10.63  10.     9.434  8.944  8.544  8.246  8.062  8.   ]\n",
      " [ 0.     0.     0.     0.     0.     0.     0.     0.     0.     0.     1.     2.     3.     4.     5.     6.     7.     8.     1.     1.414  2.236  3.162  4.123  5.099  6.083  7.071  8.062  2.     2.236  2.828  3.606  4.472  5.385  6.325  7.28   8.246  3.     3.162  3.606  4.243  5.     5.831  6.708  7.616  8.544  4.     4.123  4.472  5.     5.657  6.403  7.211  8.062  8.944  5.     5.099  5.385  5.831  6.403  7.071  7.81   8.602  9.434  6.     6.083  6.325  6.708  7.211  7.81   8.485  9.22  10.     7.     7.071  7.28   7.616  8.062  8.602  9.22   9.899 10.63 ]\n",
      " [ 0.     0.     0.     0.     0.     0.     0.     0.     0.     0.     0.     1.     2.     3.     4.     5.     6.     7.     1.414  1.     1.414  2.236  3.162  4.123  5.099  6.083  7.071  2.236  2.     2.236  2.828  3.606  4.472  5.385  6.325  7.28   3.162  3.     3.162  3.606  4.243  5.     5.831  6.708  7.616  4.123  4.     4.123  4.472  5.     5.657  6.403  7.211  8.062  5.099  5.     5.099  5.385  5.831  6.403  7.071  7.81   8.602  6.083  6.     6.083  6.325  6.708  7.211  7.81   8.485  9.22   7.071  7.     7.071  7.28   7.616  8.062  8.602  9.22   9.899]\n",
      " [ 0.     0.     0.     0.     0.     0.     0.     0.     0.     0.     0.     0.     1.     2.     3.     4.     5.     6.     2.236  1.414  1.     1.414  2.236  3.162  4.123  5.099  6.083  2.828  2.236  2.     2.236  2.828  3.606  4.472  5.385  6.325  3.606  3.162  3.     3.162  3.606  4.243  5.     5.831  6.708  4.472  4.123  4.     4.123  4.472  5.     5.657  6.403  7.211  5.385  5.099  5.     5.099  5.385  5.831  6.403  7.071  7.81   6.325  6.083  6.     6.083  6.325  6.708  7.211  7.81   8.485  7.28   7.071  7.     7.071  7.28   7.616  8.062  8.602  9.22 ]\n",
      " [ 0.     0.     0.     0.     0.     0.     0.     0.     0.     0.     0.     0.     0.     1.     2.     3.     4.     5.     3.162  2.236  1.414  1.     1.414  2.236  3.162  4.123  5.099  3.606  2.828  2.236  2.     2.236  2.828  3.606  4.472  5.385  4.243  3.606  3.162  3.     3.162  3.606  4.243  5.     5.831  5.     4.472  4.123  4.     4.123  4.472  5.     5.657  6.403  5.831  5.385  5.099  5.     5.099  5.385  5.831  6.403  7.071  6.708  6.325  6.083  6.     6.083  6.325  6.708  7.211  7.81   7.616  7.28   7.071  7.     7.071  7.28   7.616  8.062  8.602]\n",
      " [ 0.     0.     0.     0.     0.     0.     0.     0.     0.     0.     0.     0.     0.     0.     1.     2.     3.     4.     4.123  3.162  2.236  1.414  1.     1.414  2.236  3.162  4.123  4.472  3.606  2.828  2.236  2.     2.236  2.828  3.606  4.472  5.     4.243  3.606  3.162  3.     3.162  3.606  4.243  5.     5.657  5.     4.472  4.123  4.     4.123  4.472  5.     5.657  6.403  5.831  5.385  5.099  5.     5.099  5.385  5.831  6.403  7.211  6.708  6.325  6.083  6.     6.083  6.325  6.708  7.211  8.062  7.616  7.28   7.071  7.     7.071  7.28   7.616  8.062]\n",
      " [ 0.     0.     0.     0.     0.     0.     0.     0.     0.     0.     0.     0.     0.     0.     0.     1.     2.     3.     5.099  4.123  3.162  2.236  1.414  1.     1.414  2.236  3.162  5.385  4.472  3.606  2.828  2.236  2.     2.236  2.828  3.606  5.831  5.     4.243  3.606  3.162  3.     3.162  3.606  4.243  6.403  5.657  5.     4.472  4.123  4.     4.123  4.472  5.     7.071  6.403  5.831  5.385  5.099  5.     5.099  5.385  5.831  7.81   7.211  6.708  6.325  6.083  6.     6.083  6.325  6.708  8.602  8.062  7.616  7.28   7.071  7.     7.071  7.28   7.616]\n",
      " [ 0.     0.     0.     0.     0.     0.     0.     0.     0.     0.     0.     0.     0.     0.     0.     0.     1.     2.     6.083  5.099  4.123  3.162  2.236  1.414  1.     1.414  2.236  6.325  5.385  4.472  3.606  2.828  2.236  2.     2.236  2.828  6.708  5.831  5.     4.243  3.606  3.162  3.     3.162  3.606  7.211  6.403  5.657  5.     4.472  4.123  4.     4.123  4.472  7.81   7.071  6.403  5.831  5.385  5.099  5.     5.099  5.385  8.485  7.81   7.211  6.708  6.325  6.083  6.     6.083  6.325  9.22   8.602  8.062  7.616  7.28   7.071  7.     7.071  7.28 ]\n",
      " [ 0.     0.     0.     0.     0.     0.     0.     0.     0.     0.     0.     0.     0.     0.     0.     0.     0.     1.     7.071  6.083  5.099  4.123  3.162  2.236  1.414  1.     1.414  7.28   6.325  5.385  4.472  3.606  2.828  2.236  2.     2.236  7.616  6.708  5.831  5.     4.243  3.606  3.162  3.     3.162  8.062  7.211  6.403  5.657  5.     4.472  4.123  4.     4.123  8.602  7.81   7.071  6.403  5.831  5.385  5.099  5.     5.099  9.22   8.485  7.81   7.211  6.708  6.325  6.083  6.     6.083  9.899  9.22   8.602  8.062  7.616  7.28   7.071  7.     7.071]\n",
      " [ 0.     0.     0.     0.     0.     0.     0.     0.     0.     0.     0.     0.     0.     0.     0.     0.     0.     0.     8.062  7.071  6.083  5.099  4.123  3.162  2.236  1.414  1.     8.246  7.28   6.325  5.385  4.472  3.606  2.828  2.236  2.     8.544  7.616  6.708  5.831  5.     4.243  3.606  3.162  3.     8.944  8.062  7.211  6.403  5.657  5.     4.472  4.123  4.     9.434  8.602  7.81   7.071  6.403  5.831  5.385  5.099  5.    10.     9.22   8.485  7.81   7.211  6.708  6.325  6.083  6.    10.63   9.899  9.22   8.602  8.062  7.616  7.28   7.071  7.   ]\n",
      " [ 0.     0.     0.     0.     0.     0.     0.     0.     0.     0.     0.     0.     0.     0.     0.     0.     0.     0.     0.     1.     2.     3.     4.     5.     6.     7.     8.     1.     1.414  2.236  3.162  4.123  5.099  6.083  7.071  8.062  2.     2.236  2.828  3.606  4.472  5.385  6.325  7.28   8.246  3.     3.162  3.606  4.243  5.     5.831  6.708  7.616  8.544  4.     4.123  4.472  5.     5.657  6.403  7.211  8.062  8.944  5.     5.099  5.385  5.831  6.403  7.071  7.81   8.602  9.434  6.     6.083  6.325  6.708  7.211  7.81   8.485  9.22  10.   ]\n",
      " [ 0.     0.     0.     0.     0.     0.     0.     0.     0.     0.     0.     0.     0.     0.     0.     0.     0.     0.     0.     0.     1.     2.     3.     4.     5.     6.     7.     1.414  1.     1.414  2.236  3.162  4.123  5.099  6.083  7.071  2.236  2.     2.236  2.828  3.606  4.472  5.385  6.325  7.28   3.162  3.     3.162  3.606  4.243  5.     5.831  6.708  7.616  4.123  4.     4.123  4.472  5.     5.657  6.403  7.211  8.062  5.099  5.     5.099  5.385  5.831  6.403  7.071  7.81   8.602  6.083  6.     6.083  6.325  6.708  7.211  7.81   8.485  9.22 ]\n",
      " [ 0.     0.     0.     0.     0.     0.     0.     0.     0.     0.     0.     0.     0.     0.     0.     0.     0.     0.     0.     0.     0.     1.     2.     3.     4.     5.     6.     2.236  1.414  1.     1.414  2.236  3.162  4.123  5.099  6.083  2.828  2.236  2.     2.236  2.828  3.606  4.472  5.385  6.325  3.606  3.162  3.     3.162  3.606  4.243  5.     5.831  6.708  4.472  4.123  4.     4.123  4.472  5.     5.657  6.403  7.211  5.385  5.099  5.     5.099  5.385  5.831  6.403  7.071  7.81   6.325  6.083  6.     6.083  6.325  6.708  7.211  7.81   8.485]\n",
      " [ 0.     0.     0.     0.     0.     0.     0.     0.     0.     0.     0.     0.     0.     0.     0.     0.     0.     0.     0.     0.     0.     0.     1.     2.     3.     4.     5.     3.162  2.236  1.414  1.     1.414  2.236  3.162  4.123  5.099  3.606  2.828  2.236  2.     2.236  2.828  3.606  4.472  5.385  4.243  3.606  3.162  3.     3.162  3.606  4.243  5.     5.831  5.     4.472  4.123  4.     4.123  4.472  5.     5.657  6.403  5.831  5.385  5.099  5.     5.099  5.385  5.831  6.403  7.071  6.708  6.325  6.083  6.     6.083  6.325  6.708  7.211  7.81 ]\n",
      " [ 0.     0.     0.     0.     0.     0.     0.     0.     0.     0.     0.     0.     0.     0.     0.     0.     0.     0.     0.     0.     0.     0.     0.     1.     2.     3.     4.     4.123  3.162  2.236  1.414  1.     1.414  2.236  3.162  4.123  4.472  3.606  2.828  2.236  2.     2.236  2.828  3.606  4.472  5.     4.243  3.606  3.162  3.     3.162  3.606  4.243  5.     5.657  5.     4.472  4.123  4.     4.123  4.472  5.     5.657  6.403  5.831  5.385  5.099  5.     5.099  5.385  5.831  6.403  7.211  6.708  6.325  6.083  6.     6.083  6.325  6.708  7.211]\n",
      " [ 0.     0.     0.     0.     0.     0.     0.     0.     0.     0.     0.     0.     0.     0.     0.     0.     0.     0.     0.     0.     0.     0.     0.     0.     1.     2.     3.     5.099  4.123  3.162  2.236  1.414  1.     1.414  2.236  3.162  5.385  4.472  3.606  2.828  2.236  2.     2.236  2.828  3.606  5.831  5.     4.243  3.606  3.162  3.     3.162  3.606  4.243  6.403  5.657  5.     4.472  4.123  4.     4.123  4.472  5.     7.071  6.403  5.831  5.385  5.099  5.     5.099  5.385  5.831  7.81   7.211  6.708  6.325  6.083  6.     6.083  6.325  6.708]\n",
      " [ 0.     0.     0.     0.     0.     0.     0.     0.     0.     0.     0.     0.     0.     0.     0.     0.     0.     0.     0.     0.     0.     0.     0.     0.     0.     1.     2.     6.083  5.099  4.123  3.162  2.236  1.414  1.     1.414  2.236  6.325  5.385  4.472  3.606  2.828  2.236  2.     2.236  2.828  6.708  5.831  5.     4.243  3.606  3.162  3.     3.162  3.606  7.211  6.403  5.657  5.     4.472  4.123  4.     4.123  4.472  7.81   7.071  6.403  5.831  5.385  5.099  5.     5.099  5.385  8.485  7.81   7.211  6.708  6.325  6.083  6.     6.083  6.325]\n",
      " [ 0.     0.     0.     0.     0.     0.     0.     0.     0.     0.     0.     0.     0.     0.     0.     0.     0.     0.     0.     0.     0.     0.     0.     0.     0.     0.     1.     7.071  6.083  5.099  4.123  3.162  2.236  1.414  1.     1.414  7.28   6.325  5.385  4.472  3.606  2.828  2.236  2.     2.236  7.616  6.708  5.831  5.     4.243  3.606  3.162  3.     3.162  8.062  7.211  6.403  5.657  5.     4.472  4.123  4.     4.123  8.602  7.81   7.071  6.403  5.831  5.385  5.099  5.     5.099  9.22   8.485  7.81   7.211  6.708  6.325  6.083  6.     6.083]\n",
      " [ 0.     0.     0.     0.     0.     0.     0.     0.     0.     0.     0.     0.     0.     0.     0.     0.     0.     0.     0.     0.     0.     0.     0.     0.     0.     0.     0.     8.062  7.071  6.083  5.099  4.123  3.162  2.236  1.414  1.     8.246  7.28   6.325  5.385  4.472  3.606  2.828  2.236  2.     8.544  7.616  6.708  5.831  5.     4.243  3.606  3.162  3.     8.944  8.062  7.211  6.403  5.657  5.     4.472  4.123  4.     9.434  8.602  7.81   7.071  6.403  5.831  5.385  5.099  5.    10.     9.22   8.485  7.81   7.211  6.708  6.325  6.083  6.   ]\n",
      " [ 0.     0.     0.     0.     0.     0.     0.     0.     0.     0.     0.     0.     0.     0.     0.     0.     0.     0.     0.     0.     0.     0.     0.     0.     0.     0.     0.     0.     1.     2.     3.     4.     5.     6.     7.     8.     1.     1.414  2.236  3.162  4.123  5.099  6.083  7.071  8.062  2.     2.236  2.828  3.606  4.472  5.385  6.325  7.28   8.246  3.     3.162  3.606  4.243  5.     5.831  6.708  7.616  8.544  4.     4.123  4.472  5.     5.657  6.403  7.211  8.062  8.944  5.     5.099  5.385  5.831  6.403  7.071  7.81   8.602  9.434]\n",
      " [ 0.     0.     0.     0.     0.     0.     0.     0.     0.     0.     0.     0.     0.     0.     0.     0.     0.     0.     0.     0.     0.     0.     0.     0.     0.     0.     0.     0.     0.     1.     2.     3.     4.     5.     6.     7.     1.414  1.     1.414  2.236  3.162  4.123  5.099  6.083  7.071  2.236  2.     2.236  2.828  3.606  4.472  5.385  6.325  7.28   3.162  3.     3.162  3.606  4.243  5.     5.831  6.708  7.616  4.123  4.     4.123  4.472  5.     5.657  6.403  7.211  8.062  5.099  5.     5.099  5.385  5.831  6.403  7.071  7.81   8.602]\n",
      " [ 0.     0.     0.     0.     0.     0.     0.     0.     0.     0.     0.     0.     0.     0.     0.     0.     0.     0.     0.     0.     0.     0.     0.     0.     0.     0.     0.     0.     0.     0.     1.     2.     3.     4.     5.     6.     2.236  1.414  1.     1.414  2.236  3.162  4.123  5.099  6.083  2.828  2.236  2.     2.236  2.828  3.606  4.472  5.385  6.325  3.606  3.162  3.     3.162  3.606  4.243  5.     5.831  6.708  4.472  4.123  4.     4.123  4.472  5.     5.657  6.403  7.211  5.385  5.099  5.     5.099  5.385  5.831  6.403  7.071  7.81 ]\n",
      " [ 0.     0.     0.     0.     0.     0.     0.     0.     0.     0.     0.     0.     0.     0.     0.     0.     0.     0.     0.     0.     0.     0.     0.     0.     0.     0.     0.     0.     0.     0.     0.     1.     2.     3.     4.     5.     3.162  2.236  1.414  1.     1.414  2.236  3.162  4.123  5.099  3.606  2.828  2.236  2.     2.236  2.828  3.606  4.472  5.385  4.243  3.606  3.162  3.     3.162  3.606  4.243  5.     5.831  5.     4.472  4.123  4.     4.123  4.472  5.     5.657  6.403  5.831  5.385  5.099  5.     5.099  5.385  5.831  6.403  7.071]\n",
      " [ 0.     0.     0.     0.     0.     0.     0.     0.     0.     0.     0.     0.     0.     0.     0.     0.     0.     0.     0.     0.     0.     0.     0.     0.     0.     0.     0.     0.     0.     0.     0.     0.     1.     2.     3.     4.     4.123  3.162  2.236  1.414  1.     1.414  2.236  3.162  4.123  4.472  3.606  2.828  2.236  2.     2.236  2.828  3.606  4.472  5.     4.243  3.606  3.162  3.     3.162  3.606  4.243  5.     5.657  5.     4.472  4.123  4.     4.123  4.472  5.     5.657  6.403  5.831  5.385  5.099  5.     5.099  5.385  5.831  6.403]\n",
      " [ 0.     0.     0.     0.     0.     0.     0.     0.     0.     0.     0.     0.     0.     0.     0.     0.     0.     0.     0.     0.     0.     0.     0.     0.     0.     0.     0.     0.     0.     0.     0.     0.     0.     1.     2.     3.     5.099  4.123  3.162  2.236  1.414  1.     1.414  2.236  3.162  5.385  4.472  3.606  2.828  2.236  2.     2.236  2.828  3.606  5.831  5.     4.243  3.606  3.162  3.     3.162  3.606  4.243  6.403  5.657  5.     4.472  4.123  4.     4.123  4.472  5.     7.071  6.403  5.831  5.385  5.099  5.     5.099  5.385  5.831]\n",
      " [ 0.     0.     0.     0.     0.     0.     0.     0.     0.     0.     0.     0.     0.     0.     0.     0.     0.     0.     0.     0.     0.     0.     0.     0.     0.     0.     0.     0.     0.     0.     0.     0.     0.     0.     1.     2.     6.083  5.099  4.123  3.162  2.236  1.414  1.     1.414  2.236  6.325  5.385  4.472  3.606  2.828  2.236  2.     2.236  2.828  6.708  5.831  5.     4.243  3.606  3.162  3.     3.162  3.606  7.211  6.403  5.657  5.     4.472  4.123  4.     4.123  4.472  7.81   7.071  6.403  5.831  5.385  5.099  5.     5.099  5.385]\n",
      " [ 0.     0.     0.     0.     0.     0.     0.     0.     0.     0.     0.     0.     0.     0.     0.     0.     0.     0.     0.     0.     0.     0.     0.     0.     0.     0.     0.     0.     0.     0.     0.     0.     0.     0.     0.     1.     7.071  6.083  5.099  4.123  3.162  2.236  1.414  1.     1.414  7.28   6.325  5.385  4.472  3.606  2.828  2.236  2.     2.236  7.616  6.708  5.831  5.     4.243  3.606  3.162  3.     3.162  8.062  7.211  6.403  5.657  5.     4.472  4.123  4.     4.123  8.602  7.81   7.071  6.403  5.831  5.385  5.099  5.     5.099]\n",
      " [ 0.     0.     0.     0.     0.     0.     0.     0.     0.     0.     0.     0.     0.     0.     0.     0.     0.     0.     0.     0.     0.     0.     0.     0.     0.     0.     0.     0.     0.     0.     0.     0.     0.     0.     0.     0.     8.062  7.071  6.083  5.099  4.123  3.162  2.236  1.414  1.     8.246  7.28   6.325  5.385  4.472  3.606  2.828  2.236  2.     8.544  7.616  6.708  5.831  5.     4.243  3.606  3.162  3.     8.944  8.062  7.211  6.403  5.657  5.     4.472  4.123  4.     9.434  8.602  7.81   7.071  6.403  5.831  5.385  5.099  5.   ]\n",
      " [ 0.     0.     0.     0.     0.     0.     0.     0.     0.     0.     0.     0.     0.     0.     0.     0.     0.     0.     0.     0.     0.     0.     0.     0.     0.     0.     0.     0.     0.     0.     0.     0.     0.     0.     0.     0.     0.     1.     2.     3.     4.     5.     6.     7.     8.     1.     1.414  2.236  3.162  4.123  5.099  6.083  7.071  8.062  2.     2.236  2.828  3.606  4.472  5.385  6.325  7.28   8.246  3.     3.162  3.606  4.243  5.     5.831  6.708  7.616  8.544  4.     4.123  4.472  5.     5.657  6.403  7.211  8.062  8.944]\n",
      " [ 0.     0.     0.     0.     0.     0.     0.     0.     0.     0.     0.     0.     0.     0.     0.     0.     0.     0.     0.     0.     0.     0.     0.     0.     0.     0.     0.     0.     0.     0.     0.     0.     0.     0.     0.     0.     0.     0.     1.     2.     3.     4.     5.     6.     7.     1.414  1.     1.414  2.236  3.162  4.123  5.099  6.083  7.071  2.236  2.     2.236  2.828  3.606  4.472  5.385  6.325  7.28   3.162  3.     3.162  3.606  4.243  5.     5.831  6.708  7.616  4.123  4.     4.123  4.472  5.     5.657  6.403  7.211  8.062]\n",
      " [ 0.     0.     0.     0.     0.     0.     0.     0.     0.     0.     0.     0.     0.     0.     0.     0.     0.     0.     0.     0.     0.     0.     0.     0.     0.     0.     0.     0.     0.     0.     0.     0.     0.     0.     0.     0.     0.     0.     0.     1.     2.     3.     4.     5.     6.     2.236  1.414  1.     1.414  2.236  3.162  4.123  5.099  6.083  2.828  2.236  2.     2.236  2.828  3.606  4.472  5.385  6.325  3.606  3.162  3.     3.162  3.606  4.243  5.     5.831  6.708  4.472  4.123  4.     4.123  4.472  5.     5.657  6.403  7.211]\n",
      " [ 0.     0.     0.     0.     0.     0.     0.     0.     0.     0.     0.     0.     0.     0.     0.     0.     0.     0.     0.     0.     0.     0.     0.     0.     0.     0.     0.     0.     0.     0.     0.     0.     0.     0.     0.     0.     0.     0.     0.     0.     1.     2.     3.     4.     5.     3.162  2.236  1.414  1.     1.414  2.236  3.162  4.123  5.099  3.606  2.828  2.236  2.     2.236  2.828  3.606  4.472  5.385  4.243  3.606  3.162  3.     3.162  3.606  4.243  5.     5.831  5.     4.472  4.123  4.     4.123  4.472  5.     5.657  6.403]\n",
      " [ 0.     0.     0.     0.     0.     0.     0.     0.     0.     0.     0.     0.     0.     0.     0.     0.     0.     0.     0.     0.     0.     0.     0.     0.     0.     0.     0.     0.     0.     0.     0.     0.     0.     0.     0.     0.     0.     0.     0.     0.     0.     1.     2.     3.     4.     4.123  3.162  2.236  1.414  1.     1.414  2.236  3.162  4.123  4.472  3.606  2.828  2.236  2.     2.236  2.828  3.606  4.472  5.     4.243  3.606  3.162  3.     3.162  3.606  4.243  5.     5.657  5.     4.472  4.123  4.     4.123  4.472  5.     5.657]\n",
      " [ 0.     0.     0.     0.     0.     0.     0.     0.     0.     0.     0.     0.     0.     0.     0.     0.     0.     0.     0.     0.     0.     0.     0.     0.     0.     0.     0.     0.     0.     0.     0.     0.     0.     0.     0.     0.     0.     0.     0.     0.     0.     0.     1.     2.     3.     5.099  4.123  3.162  2.236  1.414  1.     1.414  2.236  3.162  5.385  4.472  3.606  2.828  2.236  2.     2.236  2.828  3.606  5.831  5.     4.243  3.606  3.162  3.     3.162  3.606  4.243  6.403  5.657  5.     4.472  4.123  4.     4.123  4.472  5.   ]\n",
      " [ 0.     0.     0.     0.     0.     0.     0.     0.     0.     0.     0.     0.     0.     0.     0.     0.     0.     0.     0.     0.     0.     0.     0.     0.     0.     0.     0.     0.     0.     0.     0.     0.     0.     0.     0.     0.     0.     0.     0.     0.     0.     0.     0.     1.     2.     6.083  5.099  4.123  3.162  2.236  1.414  1.     1.414  2.236  6.325  5.385  4.472  3.606  2.828  2.236  2.     2.236  2.828  6.708  5.831  5.     4.243  3.606  3.162  3.     3.162  3.606  7.211  6.403  5.657  5.     4.472  4.123  4.     4.123  4.472]\n",
      " [ 0.     0.     0.     0.     0.     0.     0.     0.     0.     0.     0.     0.     0.     0.     0.     0.     0.     0.     0.     0.     0.     0.     0.     0.     0.     0.     0.     0.     0.     0.     0.     0.     0.     0.     0.     0.     0.     0.     0.     0.     0.     0.     0.     0.     1.     7.071  6.083  5.099  4.123  3.162  2.236  1.414  1.     1.414  7.28   6.325  5.385  4.472  3.606  2.828  2.236  2.     2.236  7.616  6.708  5.831  5.     4.243  3.606  3.162  3.     3.162  8.062  7.211  6.403  5.657  5.     4.472  4.123  4.     4.123]\n",
      " [ 0.     0.     0.     0.     0.     0.     0.     0.     0.     0.     0.     0.     0.     0.     0.     0.     0.     0.     0.     0.     0.     0.     0.     0.     0.     0.     0.     0.     0.     0.     0.     0.     0.     0.     0.     0.     0.     0.     0.     0.     0.     0.     0.     0.     0.     8.062  7.071  6.083  5.099  4.123  3.162  2.236  1.414  1.     8.246  7.28   6.325  5.385  4.472  3.606  2.828  2.236  2.     8.544  7.616  6.708  5.831  5.     4.243  3.606  3.162  3.     8.944  8.062  7.211  6.403  5.657  5.     4.472  4.123  4.   ]\n",
      " [ 0.     0.     0.     0.     0.     0.     0.     0.     0.     0.     0.     0.     0.     0.     0.     0.     0.     0.     0.     0.     0.     0.     0.     0.     0.     0.     0.     0.     0.     0.     0.     0.     0.     0.     0.     0.     0.     0.     0.     0.     0.     0.     0.     0.     0.     0.     1.     2.     3.     4.     5.     6.     7.     8.     1.     1.414  2.236  3.162  4.123  5.099  6.083  7.071  8.062  2.     2.236  2.828  3.606  4.472  5.385  6.325  7.28   8.246  3.     3.162  3.606  4.243  5.     5.831  6.708  7.616  8.544]\n",
      " [ 0.     0.     0.     0.     0.     0.     0.     0.     0.     0.     0.     0.     0.     0.     0.     0.     0.     0.     0.     0.     0.     0.     0.     0.     0.     0.     0.     0.     0.     0.     0.     0.     0.     0.     0.     0.     0.     0.     0.     0.     0.     0.     0.     0.     0.     0.     0.     1.     2.     3.     4.     5.     6.     7.     1.414  1.     1.414  2.236  3.162  4.123  5.099  6.083  7.071  2.236  2.     2.236  2.828  3.606  4.472  5.385  6.325  7.28   3.162  3.     3.162  3.606  4.243  5.     5.831  6.708  7.616]\n",
      " [ 0.     0.     0.     0.     0.     0.     0.     0.     0.     0.     0.     0.     0.     0.     0.     0.     0.     0.     0.     0.     0.     0.     0.     0.     0.     0.     0.     0.     0.     0.     0.     0.     0.     0.     0.     0.     0.     0.     0.     0.     0.     0.     0.     0.     0.     0.     0.     0.     1.     2.     3.     4.     5.     6.     2.236  1.414  1.     1.414  2.236  3.162  4.123  5.099  6.083  2.828  2.236  2.     2.236  2.828  3.606  4.472  5.385  6.325  3.606  3.162  3.     3.162  3.606  4.243  5.     5.831  6.708]\n",
      " [ 0.     0.     0.     0.     0.     0.     0.     0.     0.     0.     0.     0.     0.     0.     0.     0.     0.     0.     0.     0.     0.     0.     0.     0.     0.     0.     0.     0.     0.     0.     0.     0.     0.     0.     0.     0.     0.     0.     0.     0.     0.     0.     0.     0.     0.     0.     0.     0.     0.     1.     2.     3.     4.     5.     3.162  2.236  1.414  1.     1.414  2.236  3.162  4.123  5.099  3.606  2.828  2.236  2.     2.236  2.828  3.606  4.472  5.385  4.243  3.606  3.162  3.     3.162  3.606  4.243  5.     5.831]\n",
      " [ 0.     0.     0.     0.     0.     0.     0.     0.     0.     0.     0.     0.     0.     0.     0.     0.     0.     0.     0.     0.     0.     0.     0.     0.     0.     0.     0.     0.     0.     0.     0.     0.     0.     0.     0.     0.     0.     0.     0.     0.     0.     0.     0.     0.     0.     0.     0.     0.     0.     0.     1.     2.     3.     4.     4.123  3.162  2.236  1.414  1.     1.414  2.236  3.162  4.123  4.472  3.606  2.828  2.236  2.     2.236  2.828  3.606  4.472  5.     4.243  3.606  3.162  3.     3.162  3.606  4.243  5.   ]\n",
      " [ 0.     0.     0.     0.     0.     0.     0.     0.     0.     0.     0.     0.     0.     0.     0.     0.     0.     0.     0.     0.     0.     0.     0.     0.     0.     0.     0.     0.     0.     0.     0.     0.     0.     0.     0.     0.     0.     0.     0.     0.     0.     0.     0.     0.     0.     0.     0.     0.     0.     0.     0.     1.     2.     3.     5.099  4.123  3.162  2.236  1.414  1.     1.414  2.236  3.162  5.385  4.472  3.606  2.828  2.236  2.     2.236  2.828  3.606  5.831  5.     4.243  3.606  3.162  3.     3.162  3.606  4.243]\n",
      " [ 0.     0.     0.     0.     0.     0.     0.     0.     0.     0.     0.     0.     0.     0.     0.     0.     0.     0.     0.     0.     0.     0.     0.     0.     0.     0.     0.     0.     0.     0.     0.     0.     0.     0.     0.     0.     0.     0.     0.     0.     0.     0.     0.     0.     0.     0.     0.     0.     0.     0.     0.     0.     1.     2.     6.083  5.099  4.123  3.162  2.236  1.414  1.     1.414  2.236  6.325  5.385  4.472  3.606  2.828  2.236  2.     2.236  2.828  6.708  5.831  5.     4.243  3.606  3.162  3.     3.162  3.606]\n",
      " [ 0.     0.     0.     0.     0.     0.     0.     0.     0.     0.     0.     0.     0.     0.     0.     0.     0.     0.     0.     0.     0.     0.     0.     0.     0.     0.     0.     0.     0.     0.     0.     0.     0.     0.     0.     0.     0.     0.     0.     0.     0.     0.     0.     0.     0.     0.     0.     0.     0.     0.     0.     0.     0.     1.     7.071  6.083  5.099  4.123  3.162  2.236  1.414  1.     1.414  7.28   6.325  5.385  4.472  3.606  2.828  2.236  2.     2.236  7.616  6.708  5.831  5.     4.243  3.606  3.162  3.     3.162]\n",
      " [ 0.     0.     0.     0.     0.     0.     0.     0.     0.     0.     0.     0.     0.     0.     0.     0.     0.     0.     0.     0.     0.     0.     0.     0.     0.     0.     0.     0.     0.     0.     0.     0.     0.     0.     0.     0.     0.     0.     0.     0.     0.     0.     0.     0.     0.     0.     0.     0.     0.     0.     0.     0.     0.     0.     8.062  7.071  6.083  5.099  4.123  3.162  2.236  1.414  1.     8.246  7.28   6.325  5.385  4.472  3.606  2.828  2.236  2.     8.544  7.616  6.708  5.831  5.     4.243  3.606  3.162  3.   ]\n",
      " [ 0.     0.     0.     0.     0.     0.     0.     0.     0.     0.     0.     0.     0.     0.     0.     0.     0.     0.     0.     0.     0.     0.     0.     0.     0.     0.     0.     0.     0.     0.     0.     0.     0.     0.     0.     0.     0.     0.     0.     0.     0.     0.     0.     0.     0.     0.     0.     0.     0.     0.     0.     0.     0.     0.     0.     1.     2.     3.     4.     5.     6.     7.     8.     1.     1.414  2.236  3.162  4.123  5.099  6.083  7.071  8.062  2.     2.236  2.828  3.606  4.472  5.385  6.325  7.28   8.246]\n",
      " [ 0.     0.     0.     0.     0.     0.     0.     0.     0.     0.     0.     0.     0.     0.     0.     0.     0.     0.     0.     0.     0.     0.     0.     0.     0.     0.     0.     0.     0.     0.     0.     0.     0.     0.     0.     0.     0.     0.     0.     0.     0.     0.     0.     0.     0.     0.     0.     0.     0.     0.     0.     0.     0.     0.     0.     0.     1.     2.     3.     4.     5.     6.     7.     1.414  1.     1.414  2.236  3.162  4.123  5.099  6.083  7.071  2.236  2.     2.236  2.828  3.606  4.472  5.385  6.325  7.28 ]\n",
      " [ 0.     0.     0.     0.     0.     0.     0.     0.     0.     0.     0.     0.     0.     0.     0.     0.     0.     0.     0.     0.     0.     0.     0.     0.     0.     0.     0.     0.     0.     0.     0.     0.     0.     0.     0.     0.     0.     0.     0.     0.     0.     0.     0.     0.     0.     0.     0.     0.     0.     0.     0.     0.     0.     0.     0.     0.     0.     1.     2.     3.     4.     5.     6.     2.236  1.414  1.     1.414  2.236  3.162  4.123  5.099  6.083  2.828  2.236  2.     2.236  2.828  3.606  4.472  5.385  6.325]\n",
      " [ 0.     0.     0.     0.     0.     0.     0.     0.     0.     0.     0.     0.     0.     0.     0.     0.     0.     0.     0.     0.     0.     0.     0.     0.     0.     0.     0.     0.     0.     0.     0.     0.     0.     0.     0.     0.     0.     0.     0.     0.     0.     0.     0.     0.     0.     0.     0.     0.     0.     0.     0.     0.     0.     0.     0.     0.     0.     0.     1.     2.     3.     4.     5.     3.162  2.236  1.414  1.     1.414  2.236  3.162  4.123  5.099  3.606  2.828  2.236  2.     2.236  2.828  3.606  4.472  5.385]\n",
      " [ 0.     0.     0.     0.     0.     0.     0.     0.     0.     0.     0.     0.     0.     0.     0.     0.     0.     0.     0.     0.     0.     0.     0.     0.     0.     0.     0.     0.     0.     0.     0.     0.     0.     0.     0.     0.     0.     0.     0.     0.     0.     0.     0.     0.     0.     0.     0.     0.     0.     0.     0.     0.     0.     0.     0.     0.     0.     0.     0.     1.     2.     3.     4.     4.123  3.162  2.236  1.414  1.     1.414  2.236  3.162  4.123  4.472  3.606  2.828  2.236  2.     2.236  2.828  3.606  4.472]\n",
      " [ 0.     0.     0.     0.     0.     0.     0.     0.     0.     0.     0.     0.     0.     0.     0.     0.     0.     0.     0.     0.     0.     0.     0.     0.     0.     0.     0.     0.     0.     0.     0.     0.     0.     0.     0.     0.     0.     0.     0.     0.     0.     0.     0.     0.     0.     0.     0.     0.     0.     0.     0.     0.     0.     0.     0.     0.     0.     0.     0.     0.     1.     2.     3.     5.099  4.123  3.162  2.236  1.414  1.     1.414  2.236  3.162  5.385  4.472  3.606  2.828  2.236  2.     2.236  2.828  3.606]\n",
      " [ 0.     0.     0.     0.     0.     0.     0.     0.     0.     0.     0.     0.     0.     0.     0.     0.     0.     0.     0.     0.     0.     0.     0.     0.     0.     0.     0.     0.     0.     0.     0.     0.     0.     0.     0.     0.     0.     0.     0.     0.     0.     0.     0.     0.     0.     0.     0.     0.     0.     0.     0.     0.     0.     0.     0.     0.     0.     0.     0.     0.     0.     1.     2.     6.083  5.099  4.123  3.162  2.236  1.414  1.     1.414  2.236  6.325  5.385  4.472  3.606  2.828  2.236  2.     2.236  2.828]\n",
      " [ 0.     0.     0.     0.     0.     0.     0.     0.     0.     0.     0.     0.     0.     0.     0.     0.     0.     0.     0.     0.     0.     0.     0.     0.     0.     0.     0.     0.     0.     0.     0.     0.     0.     0.     0.     0.     0.     0.     0.     0.     0.     0.     0.     0.     0.     0.     0.     0.     0.     0.     0.     0.     0.     0.     0.     0.     0.     0.     0.     0.     0.     0.     1.     7.071  6.083  5.099  4.123  3.162  2.236  1.414  1.     1.414  7.28   6.325  5.385  4.472  3.606  2.828  2.236  2.     2.236]\n",
