{
 "cells": [
  {
   "cell_type": "code",
   "execution_count": 1,
   "metadata": {},
   "outputs": [],
   "source": [
    "import concurrent.futures\n",
    "import time\n",
    "import sys\n",
    "from dimod import BinaryQuadraticModel\n",
    "from dwave.system import LeapHybridSampler,EmbeddingComposite,DWaveSampler \n",
    "from dwave.samplers import SimulatedAnnealingSampler\n",
    "import pandas as pd\n",
    "import numpy as np\n",
    "import seaborn as sns\n",
    "from distance_matrix_creator import *\n",
    "import matplotlib.pyplot as plt\n",
    "import dwave.inspector"
   ]
  },
  {
   "cell_type": "code",
   "execution_count": 2,
   "metadata": {},
   "outputs": [
    {
     "name": "stdout",
     "output_type": "stream",
     "text": [
      "[[  0 216   8   8   8   8   8   8   8   8   8   8   8]\n",
      " [  0   0 216 216 216  27  27  64   8  64  64  27  64]\n",
      " [  0   0   0  64 125  27   8   8   8   8   8 -64   8]\n",
      " [  0   0   0   0  27 125   8  64   8   8   8 -64   8]\n",
      " [  0   0   0   0   0  64 125  27   8   8   8 -64   8]\n",
      " [  0   0   0   0   0   0  27 125   8  27   8 -64   8]\n",
      " [  0   0   0   0   0   0   0  64 125  27   8   8   8]\n",
      " [  0   0   0   0   0   0   0   0 125  27  27   8   8]\n",
      " [  0   0   0   0   0   0   0   0   0 125 125  27  27]\n",
      " [  0   0   0   0   0   0   0   0   0   0  64  27  64]\n",
      " [  0   0   0   0   0   0   0   0   0   0   0  27  64]\n",
      " [  0   0   0   0   0   0   0   0   0   0   0   0  27]\n",
      " [  0   0   0   0   0   0   0   0   0   0   0   0   0]] \n",
      "\n",
      "\n",
      "[[ 0.    1.    2.    3.    4.    5.    6.    7.    8.    1.    1.41  2.24  3.16  4.12  5.1   6.08  7.07  8.06  2.    2.24  2.83  3.61  4.47  5.39  6.32  7.28  8.25  3.    3.16  3.61  4.24  5.    5.83  6.71  7.62  8.54  4.    4.12  4.47  5.    5.66  6.4   7.21  8.06  8.94  5.    5.1   5.39  5.83  6.4   7.07  7.81  8.6   9.43  6.    6.08  6.32  6.71  7.21  7.81  8.49  9.22 10.    7.    7.07  7.28  7.62  8.06  8.6   9.22  9.9  10.63  8.    8.06  8.25  8.54  8.94  9.43 10.   10.63 11.31]\n",
      " [ 1.    0.    1.    2.    3.    4.    5.    6.    7.    1.41  1.    1.41  2.24  3.16  4.12  5.1   6.08  7.07  2.24  2.    2.24  2.83  3.61  4.47  5.39  6.32  7.28  3.16  3.    3.16  3.61  4.24  5.    5.83  6.71  7.62  4.12  4.    4.12  4.47  5.    5.66  6.4   7.21  8.06  5.1   5.    5.1   5.39  5.83  6.4   7.07  7.81  8.6   6.08  6.    6.08  6.32  6.71  7.21  7.81  8.49  9.22  7.07  7.    7.07  7.28  7.62  8.06  8.6   9.22  9.9   8.06  8.    8.06  8.25  8.54  8.94  9.43 10.   10.63]\n",
      " [ 2.    1.    0.    1.    2.    3.    4.    5.    6.    2.24  1.41  1.    1.41  2.24  3.16  4.12  5.1   6.08  2.83  2.24  2.    2.24  2.83  3.61  4.47  5.39  6.32  3.61  3.16  3.    3.16  3.61  4.24  5.    5.83  6.71  4.47  4.12  4.    4.12  4.47  5.    5.66  6.4   7.21  5.39  5.1   5.    5.1   5.39  5.83  6.4   7.07  7.81  6.32  6.08  6.    6.08  6.32  6.71  7.21  7.81  8.49  7.28  7.07  7.    7.07  7.28  7.62  8.06  8.6   9.22  8.25  8.06  8.    8.06  8.25  8.54  8.94  9.43 10.  ]\n",
      " [ 3.    2.    1.    0.    1.    2.    3.    4.    5.    3.16  2.24  1.41  1.    1.41  2.24  3.16  4.12  5.1   3.61  2.83  2.24  2.    2.24  2.83  3.61  4.47  5.39  4.24  3.61  3.16  3.    3.16  3.61  4.24  5.    5.83  5.    4.47  4.12  4.    4.12  4.47  5.    5.66  6.4   5.83  5.39  5.1   5.    5.1   5.39  5.83  6.4   7.07  6.71  6.32  6.08  6.    6.08  6.32  6.71  7.21  7.81  7.62  7.28  7.07  7.    7.07  7.28  7.62  8.06  8.6   8.54  8.25  8.06  8.    8.06  8.25  8.54  8.94  9.43]\n",
      " [ 4.    3.    2.    1.    0.    1.    2.    3.    4.    4.12  3.16  2.24  1.41  1.    1.41  2.24  3.16  4.12  4.47  3.61  2.83  2.24  2.    2.24  2.83  3.61  4.47  5.    4.24  3.61  3.16  3.    3.16  3.61  4.24  5.    5.66  5.    4.47  4.12  4.    4.12  4.47  5.    5.66  6.4   5.83  5.39  5.1   5.    5.1   5.39  5.83  6.4   7.21  6.71  6.32  6.08  6.    6.08  6.32  6.71  7.21  8.06  7.62  7.28  7.07  7.    7.07  7.28  7.62  8.06  8.94  8.54  8.25  8.06  8.    8.06  8.25  8.54  8.94]\n",
      " [ 5.    4.    3.    2.    1.    0.    1.    2.    3.    5.1   4.12  3.16  2.24  1.41  1.    1.41  2.24  3.16  5.39  4.47  3.61  2.83  2.24  2.    2.24  2.83  3.61  5.83  5.    4.24  3.61  3.16  3.    3.16  3.61  4.24  6.4   5.66  5.    4.47  4.12  4.    4.12  4.47  5.    7.07  6.4   5.83  5.39  5.1   5.    5.1   5.39  5.83  7.81  7.21  6.71  6.32  6.08  6.    6.08  6.32  6.71  8.6   8.06  7.62  7.28  7.07  7.    7.07  7.28  7.62  9.43  8.94  8.54  8.25  8.06  8.    8.06  8.25  8.54]\n",
      " [ 6.    5.    4.    3.    2.    1.    0.    1.    2.    6.08  5.1   4.12  3.16  2.24  1.41  1.    1.41  2.24  6.32  5.39  4.47  3.61  2.83  2.24  2.    2.24  2.83  6.71  5.83  5.    4.24  3.61  3.16  3.    3.16  3.61  7.21  6.4   5.66  5.    4.47  4.12  4.    4.12  4.47  7.81  7.07  6.4   5.83  5.39  5.1   5.    5.1   5.39  8.49  7.81  7.21  6.71  6.32  6.08  6.    6.08  6.32  9.22  8.6   8.06  7.62  7.28  7.07  7.    7.07  7.28 10.    9.43  8.94  8.54  8.25  8.06  8.    8.06  8.25]\n",
      " [ 7.    6.    5.    4.    3.    2.    1.    0.    1.    7.07  6.08  5.1   4.12  3.16  2.24  1.41  1.    1.41  7.28  6.32  5.39  4.47  3.61  2.83  2.24  2.    2.24  7.62  6.71  5.83  5.    4.24  3.61  3.16  3.    3.16  8.06  7.21  6.4   5.66  5.    4.47  4.12  4.    4.12  8.6   7.81  7.07  6.4   5.83  5.39  5.1   5.    5.1   9.22  8.49  7.81  7.21  6.71  6.32  6.08  6.    6.08  9.9   9.22  8.6   8.06  7.62  7.28  7.07  7.    7.07 10.63 10.    9.43  8.94  8.54  8.25  8.06  8.    8.06]\n",
      " [ 8.    7.    6.    5.    4.    3.    2.    1.    0.    8.06  7.07  6.08  5.1   4.12  3.16  2.24  1.41  1.    8.25  7.28  6.32  5.39  4.47  3.61  2.83  2.24  2.    8.54  7.62  6.71  5.83  5.    4.24  3.61  3.16  3.    8.94  8.06  7.21  6.4   5.66  5.    4.47  4.12  4.    9.43  8.6   7.81  7.07  6.4   5.83  5.39  5.1   5.   10.    9.22  8.49  7.81  7.21  6.71  6.32  6.08  6.   10.63  9.9   9.22  8.6   8.06  7.62  7.28  7.07  7.   11.31 10.63 10.    9.43  8.94  8.54  8.25  8.06  8.  ]\n",
      " [ 1.    1.41  2.24  3.16  4.12  5.1   6.08  7.07  8.06  0.    1.    2.    3.    4.    5.    6.    7.    8.    1.    1.41  2.24  3.16  4.12  5.1   6.08  7.07  8.06  2.    2.24  2.83  3.61  4.47  5.39  6.32  7.28  8.25  3.    3.16  3.61  4.24  5.    5.83  6.71  7.62  8.54  4.    4.12  4.47  5.    5.66  6.4   7.21  8.06  8.94  5.    5.1   5.39  5.83  6.4   7.07  7.81  8.6   9.43  6.    6.08  6.32  6.71  7.21  7.81  8.49  9.22 10.    7.    7.07  7.28  7.62  8.06  8.6   9.22  9.9  10.63]\n",
      " [ 1.41  1.    1.41  2.24  3.16  4.12  5.1   6.08  7.07  1.    0.    1.    2.    3.    4.    5.    6.    7.    1.41  1.    1.41  2.24  3.16  4.12  5.1   6.08  7.07  2.24  2.    2.24  2.83  3.61  4.47  5.39  6.32  7.28  3.16  3.    3.16  3.61  4.24  5.    5.83  6.71  7.62  4.12  4.    4.12  4.47  5.    5.66  6.4   7.21  8.06  5.1   5.    5.1   5.39  5.83  6.4   7.07  7.81  8.6   6.08  6.    6.08  6.32  6.71  7.21  7.81  8.49  9.22  7.07  7.    7.07  7.28  7.62  8.06  8.6   9.22  9.9 ]\n",
      " [ 2.24  1.41  1.    1.41  2.24  3.16  4.12  5.1   6.08  2.    1.    0.    1.    2.    3.    4.    5.    6.    2.24  1.41  1.    1.41  2.24  3.16  4.12  5.1   6.08  2.83  2.24  2.    2.24  2.83  3.61  4.47  5.39  6.32  3.61  3.16  3.    3.16  3.61  4.24  5.    5.83  6.71  4.47  4.12  4.    4.12  4.47  5.    5.66  6.4   7.21  5.39  5.1   5.    5.1   5.39  5.83  6.4   7.07  7.81  6.32  6.08  6.    6.08  6.32  6.71  7.21  7.81  8.49  7.28  7.07  7.    7.07  7.28  7.62  8.06  8.6   9.22]\n",
      " [ 3.16  2.24  1.41  1.    1.41  2.24  3.16  4.12  5.1   3.    2.    1.    0.    1.    2.    3.    4.    5.    3.16  2.24  1.41  1.    1.41  2.24  3.16  4.12  5.1   3.61  2.83  2.24  2.    2.24  2.83  3.61  4.47  5.39  4.24  3.61  3.16  3.    3.16  3.61  4.24  5.    5.83  5.    4.47  4.12  4.    4.12  4.47  5.    5.66  6.4   5.83  5.39  5.1   5.    5.1   5.39  5.83  6.4   7.07  6.71  6.32  6.08  6.    6.08  6.32  6.71  7.21  7.81  7.62  7.28  7.07  7.    7.07  7.28  7.62  8.06  8.6 ]\n",
      " [ 4.12  3.16  2.24  1.41  1.    1.41  2.24  3.16  4.12  4.    3.    2.    1.    0.    1.    2.    3.    4.    4.12  3.16  2.24  1.41  1.    1.41  2.24  3.16  4.12  4.47  3.61  2.83  2.24  2.    2.24  2.83  3.61  4.47  5.    4.24  3.61  3.16  3.    3.16  3.61  4.24  5.    5.66  5.    4.47  4.12  4.    4.12  4.47  5.    5.66  6.4   5.83  5.39  5.1   5.    5.1   5.39  5.83  6.4   7.21  6.71  6.32  6.08  6.    6.08  6.32  6.71  7.21  8.06  7.62  7.28  7.07  7.    7.07  7.28  7.62  8.06]\n",
      " [ 5.1   4.12  3.16  2.24  1.41  1.    1.41  2.24  3.16  5.    4.    3.    2.    1.    0.    1.    2.    3.    5.1   4.12  3.16  2.24  1.41  1.    1.41  2.24  3.16  5.39  4.47  3.61  2.83  2.24  2.    2.24  2.83  3.61  5.83  5.    4.24  3.61  3.16  3.    3.16  3.61  4.24  6.4   5.66  5.    4.47  4.12  4.    4.12  4.47  5.    7.07  6.4   5.83  5.39  5.1   5.    5.1   5.39  5.83  7.81  7.21  6.71  6.32  6.08  6.    6.08  6.32  6.71  8.6   8.06  7.62  7.28  7.07  7.    7.07  7.28  7.62]\n",
      " [ 6.08  5.1   4.12  3.16  2.24  1.41  1.    1.41  2.24  6.    5.    4.    3.    2.    1.    0.    1.    2.    6.08  5.1   4.12  3.16  2.24  1.41  1.    1.41  2.24  6.32  5.39  4.47  3.61  2.83  2.24  2.    2.24  2.83  6.71  5.83  5.    4.24  3.61  3.16  3.    3.16  3.61  7.21  6.4   5.66  5.    4.47  4.12  4.    4.12  4.47  7.81  7.07  6.4   5.83  5.39  5.1   5.    5.1   5.39  8.49  7.81  7.21  6.71  6.32  6.08  6.    6.08  6.32  9.22  8.6   8.06  7.62  7.28  7.07  7.    7.07  7.28]\n",
      " [ 7.07  6.08  5.1   4.12  3.16  2.24  1.41  1.    1.41  7.    6.    5.    4.    3.    2.    1.    0.    1.    7.07  6.08  5.1   4.12  3.16  2.24  1.41  1.    1.41  7.28  6.32  5.39  4.47  3.61  2.83  2.24  2.    2.24  7.62  6.71  5.83  5.    4.24  3.61  3.16  3.    3.16  8.06  7.21  6.4   5.66  5.    4.47  4.12  4.    4.12  8.6   7.81  7.07  6.4   5.83  5.39  5.1   5.    5.1   9.22  8.49  7.81  7.21  6.71  6.32  6.08  6.    6.08  9.9   9.22  8.6   8.06  7.62  7.28  7.07  7.    7.07]\n",
      " [ 8.06  7.07  6.08  5.1   4.12  3.16  2.24  1.41  1.    8.    7.    6.    5.    4.    3.    2.    1.    0.    8.06  7.07  6.08  5.1   4.12  3.16  2.24  1.41  1.    8.25  7.28  6.32  5.39  4.47  3.61  2.83  2.24  2.    8.54  7.62  6.71  5.83  5.    4.24  3.61  3.16  3.    8.94  8.06  7.21  6.4   5.66  5.    4.47  4.12  4.    9.43  8.6   7.81  7.07  6.4   5.83  5.39  5.1   5.   10.    9.22  8.49  7.81  7.21  6.71  6.32  6.08  6.   10.63  9.9   9.22  8.6   8.06  7.62  7.28  7.07  7.  ]\n",
      " [ 2.    2.24  2.83  3.61  4.47  5.39  6.32  7.28  8.25  1.    1.41  2.24  3.16  4.12  5.1   6.08  7.07  8.06  0.    1.    2.    3.    4.    5.    6.    7.    8.    1.    1.41  2.24  3.16  4.12  5.1   6.08  7.07  8.06  2.    2.24  2.83  3.61  4.47  5.39  6.32  7.28  8.25  3.    3.16  3.61  4.24  5.    5.83  6.71  7.62  8.54  4.    4.12  4.47  5.    5.66  6.4   7.21  8.06  8.94  5.    5.1   5.39  5.83  6.4   7.07  7.81  8.6   9.43  6.    6.08  6.32  6.71  7.21  7.81  8.49  9.22 10.  ]\n",
      " [ 2.24  2.    2.24  2.83  3.61  4.47  5.39  6.32  7.28  1.41  1.    1.41  2.24  3.16  4.12  5.1   6.08  7.07  1.    0.    1.    2.    3.    4.    5.    6.    7.    1.41  1.    1.41  2.24  3.16  4.12  5.1   6.08  7.07  2.24  2.    2.24  2.83  3.61  4.47  5.39  6.32  7.28  3.16  3.    3.16  3.61  4.24  5.    5.83  6.71  7.62  4.12  4.    4.12  4.47  5.    5.66  6.4   7.21  8.06  5.1   5.    5.1   5.39  5.83  6.4   7.07  7.81  8.6   6.08  6.    6.08  6.32  6.71  7.21  7.81  8.49  9.22]\n",
      " [ 2.83  2.24  2.    2.24  2.83  3.61  4.47  5.39  6.32  2.24  1.41  1.    1.41  2.24  3.16  4.12  5.1   6.08  2.    1.    0.    1.    2.    3.    4.    5.    6.    2.24  1.41  1.    1.41  2.24  3.16  4.12  5.1   6.08  2.83  2.24  2.    2.24  2.83  3.61  4.47  5.39  6.32  3.61  3.16  3.    3.16  3.61  4.24  5.    5.83  6.71  4.47  4.12  4.    4.12  4.47  5.    5.66  6.4   7.21  5.39  5.1   5.    5.1   5.39  5.83  6.4   7.07  7.81  6.32  6.08  6.    6.08  6.32  6.71  7.21  7.81  8.49]\n",
      " [ 3.61  2.83  2.24  2.    2.24  2.83  3.61  4.47  5.39  3.16  2.24  1.41  1.    1.41  2.24  3.16  4.12  5.1   3.    2.    1.    0.    1.    2.    3.    4.    5.    3.16  2.24  1.41  1.    1.41  2.24  3.16  4.12  5.1   3.61  2.83  2.24  2.    2.24  2.83  3.61  4.47  5.39  4.24  3.61  3.16  3.    3.16  3.61  4.24  5.    5.83  5.    4.47  4.12  4.    4.12  4.47  5.    5.66  6.4   5.83  5.39  5.1   5.    5.1   5.39  5.83  6.4   7.07  6.71  6.32  6.08  6.    6.08  6.32  6.71  7.21  7.81]\n",
      " [ 4.47  3.61  2.83  2.24  2.    2.24  2.83  3.61  4.47  4.12  3.16  2.24  1.41  1.    1.41  2.24  3.16  4.12  4.    3.    2.    1.    0.    1.    2.    3.    4.    4.12  3.16  2.24  1.41  1.    1.41  2.24  3.16  4.12  4.47  3.61  2.83  2.24  2.    2.24  2.83  3.61  4.47  5.    4.24  3.61  3.16  3.    3.16  3.61  4.24  5.    5.66  5.    4.47  4.12  4.    4.12  4.47  5.    5.66  6.4   5.83  5.39  5.1   5.    5.1   5.39  5.83  6.4   7.21  6.71  6.32  6.08  6.    6.08  6.32  6.71  7.21]\n",
      " [ 5.39  4.47  3.61  2.83  2.24  2.    2.24  2.83  3.61  5.1   4.12  3.16  2.24  1.41  1.    1.41  2.24  3.16  5.    4.    3.    2.    1.    0.    1.    2.    3.    5.1   4.12  3.16  2.24  1.41  1.    1.41  2.24  3.16  5.39  4.47  3.61  2.83  2.24  2.    2.24  2.83  3.61  5.83  5.    4.24  3.61  3.16  3.    3.16  3.61  4.24  6.4   5.66  5.    4.47  4.12  4.    4.12  4.47  5.    7.07  6.4   5.83  5.39  5.1   5.    5.1   5.39  5.83  7.81  7.21  6.71  6.32  6.08  6.    6.08  6.32  6.71]\n",
      " [ 6.32  5.39  4.47  3.61  2.83  2.24  2.    2.24  2.83  6.08  5.1   4.12  3.16  2.24  1.41  1.    1.41  2.24  6.    5.    4.    3.    2.    1.    0.    1.    2.    6.08  5.1   4.12  3.16  2.24  1.41  1.    1.41  2.24  6.32  5.39  4.47  3.61  2.83  2.24  2.    2.24  2.83  6.71  5.83  5.    4.24  3.61  3.16  3.    3.16  3.61  7.21  6.4   5.66  5.    4.47  4.12  4.    4.12  4.47  7.81  7.07  6.4   5.83  5.39  5.1   5.    5.1   5.39  8.49  7.81  7.21  6.71  6.32  6.08  6.    6.08  6.32]\n",
      " [ 7.28  6.32  5.39  4.47  3.61  2.83  2.24  2.    2.24  7.07  6.08  5.1   4.12  3.16  2.24  1.41  1.    1.41  7.    6.    5.    4.    3.    2.    1.    0.    1.    7.07  6.08  5.1   4.12  3.16  2.24  1.41  1.    1.41  7.28  6.32  5.39  4.47  3.61  2.83  2.24  2.    2.24  7.62  6.71  5.83  5.    4.24  3.61  3.16  3.    3.16  8.06  7.21  6.4   5.66  5.    4.47  4.12  4.    4.12  8.6   7.81  7.07  6.4   5.83  5.39  5.1   5.    5.1   9.22  8.49  7.81  7.21  6.71  6.32  6.08  6.    6.08]\n",
      " [ 8.25  7.28  6.32  5.39  4.47  3.61  2.83  2.24  2.    8.06  7.07  6.08  5.1   4.12  3.16  2.24  1.41  1.    8.    7.    6.    5.    4.    3.    2.    1.    0.    8.06  7.07  6.08  5.1   4.12  3.16  2.24  1.41  1.    8.25  7.28  6.32  5.39  4.47  3.61  2.83  2.24  2.    8.54  7.62  6.71  5.83  5.    4.24  3.61  3.16  3.    8.94  8.06  7.21  6.4   5.66  5.    4.47  4.12  4.    9.43  8.6   7.81  7.07  6.4   5.83  5.39  5.1   5.   10.    9.22  8.49  7.81  7.21  6.71  6.32  6.08  6.  ]\n",
      " [ 3.    3.16  3.61  4.24  5.    5.83  6.71  7.62  8.54  2.    2.24  2.83  3.61  4.47  5.39  6.32  7.28  8.25  1.    1.41  2.24  3.16  4.12  5.1   6.08  7.07  8.06  0.    1.    2.    3.    4.    5.    6.    7.    8.    1.    1.41  2.24  3.16  4.12  5.1   6.08  7.07  8.06  2.    2.24  2.83  3.61  4.47  5.39  6.32  7.28  8.25  3.    3.16  3.61  4.24  5.    5.83  6.71  7.62  8.54  4.    4.12  4.47  5.    5.66  6.4   7.21  8.06  8.94  5.    5.1   5.39  5.83  6.4   7.07  7.81  8.6   9.43]\n",
      " [ 3.16  3.    3.16  3.61  4.24  5.    5.83  6.71  7.62  2.24  2.    2.24  2.83  3.61  4.47  5.39  6.32  7.28  1.41  1.    1.41  2.24  3.16  4.12  5.1   6.08  7.07  1.    0.    1.    2.    3.    4.    5.    6.    7.    1.41  1.    1.41  2.24  3.16  4.12  5.1   6.08  7.07  2.24  2.    2.24  2.83  3.61  4.47  5.39  6.32  7.28  3.16  3.    3.16  3.61  4.24  5.    5.83  6.71  7.62  4.12  4.    4.12  4.47  5.    5.66  6.4   7.21  8.06  5.1   5.    5.1   5.39  5.83  6.4   7.07  7.81  8.6 ]\n",
      " [ 3.61  3.16  3.    3.16  3.61  4.24  5.    5.83  6.71  2.83  2.24  2.    2.24  2.83  3.61  4.47  5.39  6.32  2.24  1.41  1.    1.41  2.24  3.16  4.12  5.1   6.08  2.    1.    0.    1.    2.    3.    4.    5.    6.    2.24  1.41  1.    1.41  2.24  3.16  4.12  5.1   6.08  2.83  2.24  2.    2.24  2.83  3.61  4.47  5.39  6.32  3.61  3.16  3.    3.16  3.61  4.24  5.    5.83  6.71  4.47  4.12  4.    4.12  4.47  5.    5.66  6.4   7.21  5.39  5.1   5.    5.1   5.39  5.83  6.4   7.07  7.81]\n",
      " [ 4.24  3.61  3.16  3.    3.16  3.61  4.24  5.    5.83  3.61  2.83  2.24  2.    2.24  2.83  3.61  4.47  5.39  3.16  2.24  1.41  1.    1.41  2.24  3.16  4.12  5.1   3.    2.    1.    0.    1.    2.    3.    4.    5.    3.16  2.24  1.41  1.    1.41  2.24  3.16  4.12  5.1   3.61  2.83  2.24  2.    2.24  2.83  3.61  4.47  5.39  4.24  3.61  3.16  3.    3.16  3.61  4.24  5.    5.83  5.    4.47  4.12  4.    4.12  4.47  5.    5.66  6.4   5.83  5.39  5.1   5.    5.1   5.39  5.83  6.4   7.07]\n",
      " [ 5.    4.24  3.61  3.16  3.    3.16  3.61  4.24  5.    4.47  3.61  2.83  2.24  2.    2.24  2.83  3.61  4.47  4.12  3.16  2.24  1.41  1.    1.41  2.24  3.16  4.12  4.    3.    2.    1.    0.    1.    2.    3.    4.    4.12  3.16  2.24  1.41  1.    1.41  2.24  3.16  4.12  4.47  3.61  2.83  2.24  2.    2.24  2.83  3.61  4.47  5.    4.24  3.61  3.16  3.    3.16  3.61  4.24  5.    5.66  5.    4.47  4.12  4.    4.12  4.47  5.    5.66  6.4   5.83  5.39  5.1   5.    5.1   5.39  5.83  6.4 ]\n",
      " [ 5.83  5.    4.24  3.61  3.16  3.    3.16  3.61  4.24  5.39  4.47  3.61  2.83  2.24  2.    2.24  2.83  3.61  5.1   4.12  3.16  2.24  1.41  1.    1.41  2.24  3.16  5.    4.    3.    2.    1.    0.    1.    2.    3.    5.1   4.12  3.16  2.24  1.41  1.    1.41  2.24  3.16  5.39  4.47  3.61  2.83  2.24  2.    2.24  2.83  3.61  5.83  5.    4.24  3.61  3.16  3.    3.16  3.61  4.24  6.4   5.66  5.    4.47  4.12  4.    4.12  4.47  5.    7.07  6.4   5.83  5.39  5.1   5.    5.1   5.39  5.83]\n",
      " [ 6.71  5.83  5.    4.24  3.61  3.16  3.    3.16  3.61  6.32  5.39  4.47  3.61  2.83  2.24  2.    2.24  2.83  6.08  5.1   4.12  3.16  2.24  1.41  1.    1.41  2.24  6.    5.    4.    3.    2.    1.    0.    1.    2.    6.08  5.1   4.12  3.16  2.24  1.41  1.    1.41  2.24  6.32  5.39  4.47  3.61  2.83  2.24  2.    2.24  2.83  6.71  5.83  5.    4.24  3.61  3.16  3.    3.16  3.61  7.21  6.4   5.66  5.    4.47  4.12  4.    4.12  4.47  7.81  7.07  6.4   5.83  5.39  5.1   5.    5.1   5.39]\n",
      " [ 7.62  6.71  5.83  5.    4.24  3.61  3.16  3.    3.16  7.28  6.32  5.39  4.47  3.61  2.83  2.24  2.    2.24  7.07  6.08  5.1   4.12  3.16  2.24  1.41  1.    1.41  7.    6.    5.    4.    3.    2.    1.    0.    1.    7.07  6.08  5.1   4.12  3.16  2.24  1.41  1.    1.41  7.28  6.32  5.39  4.47  3.61  2.83  2.24  2.    2.24  7.62  6.71  5.83  5.    4.24  3.61  3.16  3.    3.16  8.06  7.21  6.4   5.66  5.    4.47  4.12  4.    4.12  8.6   7.81  7.07  6.4   5.83  5.39  5.1   5.    5.1 ]\n",
      " [ 8.54  7.62  6.71  5.83  5.    4.24  3.61  3.16  3.    8.25  7.28  6.32  5.39  4.47  3.61  2.83  2.24  2.    8.06  7.07  6.08  5.1   4.12  3.16  2.24  1.41  1.    8.    7.    6.    5.    4.    3.    2.    1.    0.    8.06  7.07  6.08  5.1   4.12  3.16  2.24  1.41  1.    8.25  7.28  6.32  5.39  4.47  3.61  2.83  2.24  2.    8.54  7.62  6.71  5.83  5.    4.24  3.61  3.16  3.    8.94  8.06  7.21  6.4   5.66  5.    4.47  4.12  4.    9.43  8.6   7.81  7.07  6.4   5.83  5.39  5.1   5.  ]\n",
      " [ 4.    4.12  4.47  5.    5.66  6.4   7.21  8.06  8.94  3.    3.16  3.61  4.24  5.    5.83  6.71  7.62  8.54  2.    2.24  2.83  3.61  4.47  5.39  6.32  7.28  8.25  1.    1.41  2.24  3.16  4.12  5.1   6.08  7.07  8.06  0.    1.    2.    3.    4.    5.    6.    7.    8.    1.    1.41  2.24  3.16  4.12  5.1   6.08  7.07  8.06  2.    2.24  2.83  3.61  4.47  5.39  6.32  7.28  8.25  3.    3.16  3.61  4.24  5.    5.83  6.71  7.62  8.54  4.    4.12  4.47  5.    5.66  6.4   7.21  8.06  8.94]\n",
      " [ 4.12  4.    4.12  4.47  5.    5.66  6.4   7.21  8.06  3.16  3.    3.16  3.61  4.24  5.    5.83  6.71  7.62  2.24  2.    2.24  2.83  3.61  4.47  5.39  6.32  7.28  1.41  1.    1.41  2.24  3.16  4.12  5.1   6.08  7.07  1.    0.    1.    2.    3.    4.    5.    6.    7.    1.41  1.    1.41  2.24  3.16  4.12  5.1   6.08  7.07  2.24  2.    2.24  2.83  3.61  4.47  5.39  6.32  7.28  3.16  3.    3.16  3.61  4.24  5.    5.83  6.71  7.62  4.12  4.    4.12  4.47  5.    5.66  6.4   7.21  8.06]\n",
      " [ 4.47  4.12  4.    4.12  4.47  5.    5.66  6.4   7.21  3.61  3.16  3.    3.16  3.61  4.24  5.    5.83  6.71  2.83  2.24  2.    2.24  2.83  3.61  4.47  5.39  6.32  2.24  1.41  1.    1.41  2.24  3.16  4.12  5.1   6.08  2.    1.    0.    1.    2.    3.    4.    5.    6.    2.24  1.41  1.    1.41  2.24  3.16  4.12  5.1   6.08  2.83  2.24  2.    2.24  2.83  3.61  4.47  5.39  6.32  3.61  3.16  3.    3.16  3.61  4.24  5.    5.83  6.71  4.47  4.12  4.    4.12  4.47  5.    5.66  6.4   7.21]\n",
      " [ 5.    4.47  4.12  4.    4.12  4.47  5.    5.66  6.4   4.24  3.61  3.16  3.    3.16  3.61  4.24  5.    5.83  3.61  2.83  2.24  2.    2.24  2.83  3.61  4.47  5.39  3.16  2.24  1.41  1.    1.41  2.24  3.16  4.12  5.1   3.    2.    1.    0.    1.    2.    3.    4.    5.    3.16  2.24  1.41  1.    1.41  2.24  3.16  4.12  5.1   3.61  2.83  2.24  2.    2.24  2.83  3.61  4.47  5.39  4.24  3.61  3.16  3.    3.16  3.61  4.24  5.    5.83  5.    4.47  4.12  4.    4.12  4.47  5.    5.66  6.4 ]\n",
      " [ 5.66  5.    4.47  4.12  4.    4.12  4.47  5.    5.66  5.    4.24  3.61  3.16  3.    3.16  3.61  4.24  5.    4.47  3.61  2.83  2.24  2.    2.24  2.83  3.61  4.47  4.12  3.16  2.24  1.41  1.    1.41  2.24  3.16  4.12  4.    3.    2.    1.    0.    1.    2.    3.    4.    4.12  3.16  2.24  1.41  1.    1.41  2.24  3.16  4.12  4.47  3.61  2.83  2.24  2.    2.24  2.83  3.61  4.47  5.    4.24  3.61  3.16  3.    3.16  3.61  4.24  5.    5.66  5.    4.47  4.12  4.    4.12  4.47  5.    5.66]\n",
      " [ 6.4   5.66  5.    4.47  4.12  4.    4.12  4.47  5.    5.83  5.    4.24  3.61  3.16  3.    3.16  3.61  4.24  5.39  4.47  3.61  2.83  2.24  2.    2.24  2.83  3.61  5.1   4.12  3.16  2.24  1.41  1.    1.41  2.24  3.16  5.    4.    3.    2.    1.    0.    1.    2.    3.    5.1   4.12  3.16  2.24  1.41  1.    1.41  2.24  3.16  5.39  4.47  3.61  2.83  2.24  2.    2.24  2.83  3.61  5.83  5.    4.24  3.61  3.16  3.    3.16  3.61  4.24  6.4   5.66  5.    4.47  4.12  4.    4.12  4.47  5.  ]\n",
      " [ 7.21  6.4   5.66  5.    4.47  4.12  4.    4.12  4.47  6.71  5.83  5.    4.24  3.61  3.16  3.    3.16  3.61  6.32  5.39  4.47  3.61  2.83  2.24  2.    2.24  2.83  6.08  5.1   4.12  3.16  2.24  1.41  1.    1.41  2.24  6.    5.    4.    3.    2.    1.    0.    1.    2.    6.08  5.1   4.12  3.16  2.24  1.41  1.    1.41  2.24  6.32  5.39  4.47  3.61  2.83  2.24  2.    2.24  2.83  6.71  5.83  5.    4.24  3.61  3.16  3.    3.16  3.61  7.21  6.4   5.66  5.    4.47  4.12  4.    4.12  4.47]\n",
      " [ 8.06  7.21  6.4   5.66  5.    4.47  4.12  4.    4.12  7.62  6.71  5.83  5.    4.24  3.61  3.16  3.    3.16  7.28  6.32  5.39  4.47  3.61  2.83  2.24  2.    2.24  7.07  6.08  5.1   4.12  3.16  2.24  1.41  1.    1.41  7.    6.    5.    4.    3.    2.    1.    0.    1.    7.07  6.08  5.1   4.12  3.16  2.24  1.41  1.    1.41  7.28  6.32  5.39  4.47  3.61  2.83  2.24  2.    2.24  7.62  6.71  5.83  5.    4.24  3.61  3.16  3.    3.16  8.06  7.21  6.4   5.66  5.    4.47  4.12  4.    4.12]\n",
      " [ 8.94  8.06  7.21  6.4   5.66  5.    4.47  4.12  4.    8.54  7.62  6.71  5.83  5.    4.24  3.61  3.16  3.    8.25  7.28  6.32  5.39  4.47  3.61  2.83  2.24  2.    8.06  7.07  6.08  5.1   4.12  3.16  2.24  1.41  1.    8.    7.    6.    5.    4.    3.    2.    1.    0.    8.06  7.07  6.08  5.1   4.12  3.16  2.24  1.41  1.    8.25  7.28  6.32  5.39  4.47  3.61  2.83  2.24  2.    8.54  7.62  6.71  5.83  5.    4.24  3.61  3.16  3.    8.94  8.06  7.21  6.4   5.66  5.    4.47  4.12  4.  ]\n",
      " [ 5.    5.1   5.39  5.83  6.4   7.07  7.81  8.6   9.43  4.    4.12  4.47  5.    5.66  6.4   7.21  8.06  8.94  3.    3.16  3.61  4.24  5.    5.83  6.71  7.62  8.54  2.    2.24  2.83  3.61  4.47  5.39  6.32  7.28  8.25  1.    1.41  2.24  3.16  4.12  5.1   6.08  7.07  8.06  0.    1.    2.    3.    4.    5.    6.    7.    8.    1.    1.41  2.24  3.16  4.12  5.1   6.08  7.07  8.06  2.    2.24  2.83  3.61  4.47  5.39  6.32  7.28  8.25  3.    3.16  3.61  4.24  5.    5.83  6.71  7.62  8.54]\n",
      " [ 5.1   5.    5.1   5.39  5.83  6.4   7.07  7.81  8.6   4.12  4.    4.12  4.47  5.    5.66  6.4   7.21  8.06  3.16  3.    3.16  3.61  4.24  5.    5.83  6.71  7.62  2.24  2.    2.24  2.83  3.61  4.47  5.39  6.32  7.28  1.41  1.    1.41  2.24  3.16  4.12  5.1   6.08  7.07  1.    0.    1.    2.    3.    4.    5.    6.    7.    1.41  1.    1.41  2.24  3.16  4.12  5.1   6.08  7.07  2.24  2.    2.24  2.83  3.61  4.47  5.39  6.32  7.28  3.16  3.    3.16  3.61  4.24  5.    5.83  6.71  7.62]\n",
      " [ 5.39  5.1   5.    5.1   5.39  5.83  6.4   7.07  7.81  4.47  4.12  4.    4.12  4.47  5.    5.66  6.4   7.21  3.61  3.16  3.    3.16  3.61  4.24  5.    5.83  6.71  2.83  2.24  2.    2.24  2.83  3.61  4.47  5.39  6.32  2.24  1.41  1.    1.41  2.24  3.16  4.12  5.1   6.08  2.    1.    0.    1.    2.    3.    4.    5.    6.    2.24  1.41  1.    1.41  2.24  3.16  4.12  5.1   6.08  2.83  2.24  2.    2.24  2.83  3.61  4.47  5.39  6.32  3.61  3.16  3.    3.16  3.61  4.24  5.    5.83  6.71]\n",
      " [ 5.83  5.39  5.1   5.    5.1   5.39  5.83  6.4   7.07  5.    4.47  4.12  4.    4.12  4.47  5.    5.66  6.4   4.24  3.61  3.16  3.    3.16  3.61  4.24  5.    5.83  3.61  2.83  2.24  2.    2.24  2.83  3.61  4.47  5.39  3.16  2.24  1.41  1.    1.41  2.24  3.16  4.12  5.1   3.    2.    1.    0.    1.    2.    3.    4.    5.    3.16  2.24  1.41  1.    1.41  2.24  3.16  4.12  5.1   3.61  2.83  2.24  2.    2.24  2.83  3.61  4.47  5.39  4.24  3.61  3.16  3.    3.16  3.61  4.24  5.    5.83]\n",
      " [ 6.4   5.83  5.39  5.1   5.    5.1   5.39  5.83  6.4   5.66  5.    4.47  4.12  4.    4.12  4.47  5.    5.66  5.    4.24  3.61  3.16  3.    3.16  3.61  4.24  5.    4.47  3.61  2.83  2.24  2.    2.24  2.83  3.61  4.47  4.12  3.16  2.24  1.41  1.    1.41  2.24  3.16  4.12  4.    3.    2.    1.    0.    1.    2.    3.    4.    4.12  3.16  2.24  1.41  1.    1.41  2.24  3.16  4.12  4.47  3.61  2.83  2.24  2.    2.24  2.83  3.61  4.47  5.    4.24  3.61  3.16  3.    3.16  3.61  4.24  5.  ]\n",
      " [ 7.07  6.4   5.83  5.39  5.1   5.    5.1   5.39  5.83  6.4   5.66  5.    4.47  4.12  4.    4.12  4.47  5.    5.83  5.    4.24  3.61  3.16  3.    3.16  3.61  4.24  5.39  4.47  3.61  2.83  2.24  2.    2.24  2.83  3.61  5.1   4.12  3.16  2.24  1.41  1.    1.41  2.24  3.16  5.    4.    3.    2.    1.    0.    1.    2.    3.    5.1   4.12  3.16  2.24  1.41  1.    1.41  2.24  3.16  5.39  4.47  3.61  2.83  2.24  2.    2.24  2.83  3.61  5.83  5.    4.24  3.61  3.16  3.    3.16  3.61  4.24]\n",
      " [ 7.81  7.07  6.4   5.83  5.39  5.1   5.    5.1   5.39  7.21  6.4   5.66  5.    4.47  4.12  4.    4.12  4.47  6.71  5.83  5.    4.24  3.61  3.16  3.    3.16  3.61  6.32  5.39  4.47  3.61  2.83  2.24  2.    2.24  2.83  6.08  5.1   4.12  3.16  2.24  1.41  1.    1.41  2.24  6.    5.    4.    3.    2.    1.    0.    1.    2.    6.08  5.1   4.12  3.16  2.24  1.41  1.    1.41  2.24  6.32  5.39  4.47  3.61  2.83  2.24  2.    2.24  2.83  6.71  5.83  5.    4.24  3.61  3.16  3.    3.16  3.61]\n",
      " [ 8.6   7.81  7.07  6.4   5.83  5.39  5.1   5.    5.1   8.06  7.21  6.4   5.66  5.    4.47  4.12  4.    4.12  7.62  6.71  5.83  5.    4.24  3.61  3.16  3.    3.16  7.28  6.32  5.39  4.47  3.61  2.83  2.24  2.    2.24  7.07  6.08  5.1   4.12  3.16  2.24  1.41  1.    1.41  7.    6.    5.    4.    3.    2.    1.    0.    1.    7.07  6.08  5.1   4.12  3.16  2.24  1.41  1.    1.41  7.28  6.32  5.39  4.47  3.61  2.83  2.24  2.    2.24  7.62  6.71  5.83  5.    4.24  3.61  3.16  3.    3.16]\n",
      " [ 9.43  8.6   7.81  7.07  6.4   5.83  5.39  5.1   5.    8.94  8.06  7.21  6.4   5.66  5.    4.47  4.12  4.    8.54  7.62  6.71  5.83  5.    4.24  3.61  3.16  3.    8.25  7.28  6.32  5.39  4.47  3.61  2.83  2.24  2.    8.06  7.07  6.08  5.1   4.12  3.16  2.24  1.41  1.    8.    7.    6.    5.    4.    3.    2.    1.    0.    8.06  7.07  6.08  5.1   4.12  3.16  2.24  1.41  1.    8.25  7.28  6.32  5.39  4.47  3.61  2.83  2.24  2.    8.54  7.62  6.71  5.83  5.    4.24  3.61  3.16  3.  ]\n",
      " [ 6.    6.08  6.32  6.71  7.21  7.81  8.49  9.22 10.    5.    5.1   5.39  5.83  6.4   7.07  7.81  8.6   9.43  4.    4.12  4.47  5.    5.66  6.4   7.21  8.06  8.94  3.    3.16  3.61  4.24  5.    5.83  6.71  7.62  8.54  2.    2.24  2.83  3.61  4.47  5.39  6.32  7.28  8.25  1.    1.41  2.24  3.16  4.12  5.1   6.08  7.07  8.06  0.    1.    2.    3.    4.    5.    6.    7.    8.    1.    1.41  2.24  3.16  4.12  5.1   6.08  7.07  8.06  2.    2.24  2.83  3.61  4.47  5.39  6.32  7.28  8.25]\n",
      " [ 6.08  6.    6.08  6.32  6.71  7.21  7.81  8.49  9.22  5.1   5.    5.1   5.39  5.83  6.4   7.07  7.81  8.6   4.12  4.    4.12  4.47  5.    5.66  6.4   7.21  8.06  3.16  3.    3.16  3.61  4.24  5.    5.83  6.71  7.62  2.24  2.    2.24  2.83  3.61  4.47  5.39  6.32  7.28  1.41  1.    1.41  2.24  3.16  4.12  5.1   6.08  7.07  1.    0.    1.    2.    3.    4.    5.    6.    7.    1.41  1.    1.41  2.24  3.16  4.12  5.1   6.08  7.07  2.24  2.    2.24  2.83  3.61  4.47  5.39  6.32  7.28]\n",
      " [ 6.32  6.08  6.    6.08  6.32  6.71  7.21  7.81  8.49  5.39  5.1   5.    5.1   5.39  5.83  6.4   7.07  7.81  4.47  4.12  4.    4.12  4.47  5.    5.66  6.4   7.21  3.61  3.16  3.    3.16  3.61  4.24  5.    5.83  6.71  2.83  2.24  2.    2.24  2.83  3.61  4.47  5.39  6.32  2.24  1.41  1.    1.41  2.24  3.16  4.12  5.1   6.08  2.    1.    0.    1.    2.    3.    4.    5.    6.    2.24  1.41  1.    1.41  2.24  3.16  4.12  5.1   6.08  2.83  2.24  2.    2.24  2.83  3.61  4.47  5.39  6.32]\n",
      " [ 6.71  6.32  6.08  6.    6.08  6.32  6.71  7.21  7.81  5.83  5.39  5.1   5.    5.1   5.39  5.83  6.4   7.07  5.    4.47  4.12  4.    4.12  4.47  5.    5.66  6.4   4.24  3.61  3.16  3.    3.16  3.61  4.24  5.    5.83  3.61  2.83  2.24  2.    2.24  2.83  3.61  4.47  5.39  3.16  2.24  1.41  1.    1.41  2.24  3.16  4.12  5.1   3.    2.    1.    0.    1.    2.    3.    4.    5.    3.16  2.24  1.41  1.    1.41  2.24  3.16  4.12  5.1   3.61  2.83  2.24  2.    2.24  2.83  3.61  4.47  5.39]\n",
      " [ 7.21  6.71  6.32  6.08  6.    6.08  6.32  6.71  7.21  6.4   5.83  5.39  5.1   5.    5.1   5.39  5.83  6.4   5.66  5.    4.47  4.12  4.    4.12  4.47  5.    5.66  5.    4.24  3.61  3.16  3.    3.16  3.61  4.24  5.    4.47  3.61  2.83  2.24  2.    2.24  2.83  3.61  4.47  4.12  3.16  2.24  1.41  1.    1.41  2.24  3.16  4.12  4.    3.    2.    1.    0.    1.    2.    3.    4.    4.12  3.16  2.24  1.41  1.    1.41  2.24  3.16  4.12  4.47  3.61  2.83  2.24  2.    2.24  2.83  3.61  4.47]\n",
      " [ 7.81  7.21  6.71  6.32  6.08  6.    6.08  6.32  6.71  7.07  6.4   5.83  5.39  5.1   5.    5.1   5.39  5.83  6.4   5.66  5.    4.47  4.12  4.    4.12  4.47  5.    5.83  5.    4.24  3.61  3.16  3.    3.16  3.61  4.24  5.39  4.47  3.61  2.83  2.24  2.    2.24  2.83  3.61  5.1   4.12  3.16  2.24  1.41  1.    1.41  2.24  3.16  5.    4.    3.    2.    1.    0.    1.    2.    3.    5.1   4.12  3.16  2.24  1.41  1.    1.41  2.24  3.16  5.39  4.47  3.61  2.83  2.24  2.    2.24  2.83  3.61]\n",
      " [ 8.49  7.81  7.21  6.71  6.32  6.08  6.    6.08  6.32  7.81  7.07  6.4   5.83  5.39  5.1   5.    5.1   5.39  7.21  6.4   5.66  5.    4.47  4.12  4.    4.12  4.47  6.71  5.83  5.    4.24  3.61  3.16  3.    3.16  3.61  6.32  5.39  4.47  3.61  2.83  2.24  2.    2.24  2.83  6.08  5.1   4.12  3.16  2.24  1.41  1.    1.41  2.24  6.    5.    4.    3.    2.    1.    0.    1.    2.    6.08  5.1   4.12  3.16  2.24  1.41  1.    1.41  2.24  6.32  5.39  4.47  3.61  2.83  2.24  2.    2.24  2.83]\n",
      " [ 9.22  8.49  7.81  7.21  6.71  6.32  6.08  6.    6.08  8.6   7.81  7.07  6.4   5.83  5.39  5.1   5.    5.1   8.06  7.21  6.4   5.66  5.    4.47  4.12  4.    4.12  7.62  6.71  5.83  5.    4.24  3.61  3.16  3.    3.16  7.28  6.32  5.39  4.47  3.61  2.83  2.24  2.    2.24  7.07  6.08  5.1   4.12  3.16  2.24  1.41  1.    1.41  7.    6.    5.    4.    3.    2.    1.    0.    1.    7.07  6.08  5.1   4.12  3.16  2.24  1.41  1.    1.41  7.28  6.32  5.39  4.47  3.61  2.83  2.24  2.    2.24]\n",
      " [10.    9.22  8.49  7.81  7.21  6.71  6.32  6.08  6.    9.43  8.6   7.81  7.07  6.4   5.83  5.39  5.1   5.    8.94  8.06  7.21  6.4   5.66  5.    4.47  4.12  4.    8.54  7.62  6.71  5.83  5.    4.24  3.61  3.16  3.    8.25  7.28  6.32  5.39  4.47  3.61  2.83  2.24  2.    8.06  7.07  6.08  5.1   4.12  3.16  2.24  1.41  1.    8.    7.    6.    5.    4.    3.    2.    1.    0.    8.06  7.07  6.08  5.1   4.12  3.16  2.24  1.41  1.    8.25  7.28  6.32  5.39  4.47  3.61  2.83  2.24  2.  ]\n",
      " [ 7.    7.07  7.28  7.62  8.06  8.6   9.22  9.9  10.63  6.    6.08  6.32  6.71  7.21  7.81  8.49  9.22 10.    5.    5.1   5.39  5.83  6.4   7.07  7.81  8.6   9.43  4.    4.12  4.47  5.    5.66  6.4   7.21  8.06  8.94  3.    3.16  3.61  4.24  5.    5.83  6.71  7.62  8.54  2.    2.24  2.83  3.61  4.47  5.39  6.32  7.28  8.25  1.    1.41  2.24  3.16  4.12  5.1   6.08  7.07  8.06  0.    1.    2.    3.    4.    5.    6.    7.    8.    1.    1.41  2.24  3.16  4.12  5.1   6.08  7.07  8.06]\n",
      " [ 7.07  7.    7.07  7.28  7.62  8.06  8.6   9.22  9.9   6.08  6.    6.08  6.32  6.71  7.21  7.81  8.49  9.22  5.1   5.    5.1   5.39  5.83  6.4   7.07  7.81  8.6   4.12  4.    4.12  4.47  5.    5.66  6.4   7.21  8.06  3.16  3.    3.16  3.61  4.24  5.    5.83  6.71  7.62  2.24  2.    2.24  2.83  3.61  4.47  5.39  6.32  7.28  1.41  1.    1.41  2.24  3.16  4.12  5.1   6.08  7.07  1.    0.    1.    2.    3.    4.    5.    6.    7.    1.41  1.    1.41  2.24  3.16  4.12  5.1   6.08  7.07]\n",
      " [ 7.28  7.07  7.    7.07  7.28  7.62  8.06  8.6   9.22  6.32  6.08  6.    6.08  6.32  6.71  7.21  7.81  8.49  5.39  5.1   5.    5.1   5.39  5.83  6.4   7.07  7.81  4.47  4.12  4.    4.12  4.47  5.    5.66  6.4   7.21  3.61  3.16  3.    3.16  3.61  4.24  5.    5.83  6.71  2.83  2.24  2.    2.24  2.83  3.61  4.47  5.39  6.32  2.24  1.41  1.    1.41  2.24  3.16  4.12  5.1   6.08  2.    1.    0.    1.    2.    3.    4.    5.    6.    2.24  1.41  1.    1.41  2.24  3.16  4.12  5.1   6.08]\n",
      " [ 7.62  7.28  7.07  7.    7.07  7.28  7.62  8.06  8.6   6.71  6.32  6.08  6.    6.08  6.32  6.71  7.21  7.81  5.83  5.39  5.1   5.    5.1   5.39  5.83  6.4   7.07  5.    4.47  4.12  4.    4.12  4.47  5.    5.66  6.4   4.24  3.61  3.16  3.    3.16  3.61  4.24  5.    5.83  3.61  2.83  2.24  2.    2.24  2.83  3.61  4.47  5.39  3.16  2.24  1.41  1.    1.41  2.24  3.16  4.12  5.1   3.    2.    1.    0.    1.    2.    3.    4.    5.    3.16  2.24  1.41  1.    1.41  2.24  3.16  4.12  5.1 ]\n",
      " [ 8.06  7.62  7.28  7.07  7.    7.07  7.28  7.62  8.06  7.21  6.71  6.32  6.08  6.    6.08  6.32  6.71  7.21  6.4   5.83  5.39  5.1   5.    5.1   5.39  5.83  6.4   5.66  5.    4.47  4.12  4.    4.12  4.47  5.    5.66  5.    4.24  3.61  3.16  3.    3.16  3.61  4.24  5.    4.47  3.61  2.83  2.24  2.    2.24  2.83  3.61  4.47  4.12  3.16  2.24  1.41  1.    1.41  2.24  3.16  4.12  4.    3.    2.    1.    0.    1.    2.    3.    4.    4.12  3.16  2.24  1.41  1.    1.41  2.24  3.16  4.12]\n",
      " [ 8.6   8.06  7.62  7.28  7.07  7.    7.07  7.28  7.62  7.81  7.21  6.71  6.32  6.08  6.    6.08  6.32  6.71  7.07  6.4   5.83  5.39  5.1   5.    5.1   5.39  5.83  6.4   5.66  5.    4.47  4.12  4.    4.12  4.47  5.    5.83  5.    4.24  3.61  3.16  3.    3.16  3.61  4.24  5.39  4.47  3.61  2.83  2.24  2.    2.24  2.83  3.61  5.1   4.12  3.16  2.24  1.41  1.    1.41  2.24  3.16  5.    4.    3.    2.    1.    0.    1.    2.    3.    5.1   4.12  3.16  2.24  1.41  1.    1.41  2.24  3.16]\n",
      " [ 9.22  8.6   8.06  7.62  7.28  7.07  7.    7.07  7.28  8.49  7.81  7.21  6.71  6.32  6.08  6.    6.08  6.32  7.81  7.07  6.4   5.83  5.39  5.1   5.    5.1   5.39  7.21  6.4   5.66  5.    4.47  4.12  4.    4.12  4.47  6.71  5.83  5.    4.24  3.61  3.16  3.    3.16  3.61  6.32  5.39  4.47  3.61  2.83  2.24  2.    2.24  2.83  6.08  5.1   4.12  3.16  2.24  1.41  1.    1.41  2.24  6.    5.    4.    3.    2.    1.    0.    1.    2.    6.08  5.1   4.12  3.16  2.24  1.41  1.    1.41  2.24]\n",
      " [ 9.9   9.22  8.6   8.06  7.62  7.28  7.07  7.    7.07  9.22  8.49  7.81  7.21  6.71  6.32  6.08  6.    6.08  8.6   7.81  7.07  6.4   5.83  5.39  5.1   5.    5.1   8.06  7.21  6.4   5.66  5.    4.47  4.12  4.    4.12  7.62  6.71  5.83  5.    4.24  3.61  3.16  3.    3.16  7.28  6.32  5.39  4.47  3.61  2.83  2.24  2.    2.24  7.07  6.08  5.1   4.12  3.16  2.24  1.41  1.    1.41  7.    6.    5.    4.    3.    2.    1.    0.    1.    7.07  6.08  5.1   4.12  3.16  2.24  1.41  1.    1.41]\n",
      " [10.63  9.9   9.22  8.6   8.06  7.62  7.28  7.07  7.   10.    9.22  8.49  7.81  7.21  6.71  6.32  6.08  6.    9.43  8.6   7.81  7.07  6.4   5.83  5.39  5.1   5.    8.94  8.06  7.21  6.4   5.66  5.    4.47  4.12  4.    8.54  7.62  6.71  5.83  5.    4.24  3.61  3.16  3.    8.25  7.28  6.32  5.39  4.47  3.61  2.83  2.24  2.    8.06  7.07  6.08  5.1   4.12  3.16  2.24  1.41  1.    8.    7.    6.    5.    4.    3.    2.    1.    0.    8.06  7.07  6.08  5.1   4.12  3.16  2.24  1.41  1.  ]\n",
      " [ 8.    8.06  8.25  8.54  8.94  9.43 10.   10.63 11.31  7.    7.07  7.28  7.62  8.06  8.6   9.22  9.9  10.63  6.    6.08  6.32  6.71  7.21  7.81  8.49  9.22 10.    5.    5.1   5.39  5.83  6.4   7.07  7.81  8.6   9.43  4.    4.12  4.47  5.    5.66  6.4   7.21  8.06  8.94  3.    3.16  3.61  4.24  5.    5.83  6.71  7.62  8.54  2.    2.24  2.83  3.61  4.47  5.39  6.32  7.28  8.25  1.    1.41  2.24  3.16  4.12  5.1   6.08  7.07  8.06  0.    1.    2.    3.    4.    5.    6.    7.    8.  ]\n",
      " [ 8.06  8.    8.06  8.25  8.54  8.94  9.43 10.   10.63  7.07  7.    7.07  7.28  7.62  8.06  8.6   9.22  9.9   6.08  6.    6.08  6.32  6.71  7.21  7.81  8.49  9.22  5.1   5.    5.1   5.39  5.83  6.4   7.07  7.81  8.6   4.12  4.    4.12  4.47  5.    5.66  6.4   7.21  8.06  3.16  3.    3.16  3.61  4.24  5.    5.83  6.71  7.62  2.24  2.    2.24  2.83  3.61  4.47  5.39  6.32  7.28  1.41  1.    1.41  2.24  3.16  4.12  5.1   6.08  7.07  1.    0.    1.    2.    3.    4.    5.    6.    7.  ]\n",
      " [ 8.25  8.06  8.    8.06  8.25  8.54  8.94  9.43 10.    7.28  7.07  7.    7.07  7.28  7.62  8.06  8.6   9.22  6.32  6.08  6.    6.08  6.32  6.71  7.21  7.81  8.49  5.39  5.1   5.    5.1   5.39  5.83  6.4   7.07  7.81  4.47  4.12  4.    4.12  4.47  5.    5.66  6.4   7.21  3.61  3.16  3.    3.16  3.61  4.24  5.    5.83  6.71  2.83  2.24  2.    2.24  2.83  3.61  4.47  5.39  6.32  2.24  1.41  1.    1.41  2.24  3.16  4.12  5.1   6.08  2.    1.    0.    1.    2.    3.    4.    5.    6.  ]\n",
      " [ 8.54  8.25  8.06  8.    8.06  8.25  8.54  8.94  9.43  7.62  7.28  7.07  7.    7.07  7.28  7.62  8.06  8.6   6.71  6.32  6.08  6.    6.08  6.32  6.71  7.21  7.81  5.83  5.39  5.1   5.    5.1   5.39  5.83  6.4   7.07  5.    4.47  4.12  4.    4.12  4.47  5.    5.66  6.4   4.24  3.61  3.16  3.    3.16  3.61  4.24  5.    5.83  3.61  2.83  2.24  2.    2.24  2.83  3.61  4.47  5.39  3.16  2.24  1.41  1.    1.41  2.24  3.16  4.12  5.1   3.    2.    1.    0.    1.    2.    3.    4.    5.  ]\n",
